stored_images\230404_112539_images\image_00000.png,"[0.1775847135621586, 0.004574855489918651, 1.1516648543535229e-06, 7.793153472217741e-08, -2.258694180693799e-14, -5.240096065721558e-09, 5.9090633519139864e-15, 10560.732733545126, 1.479738693601667, 24.22054698457223, 240.8297685834502, 140.88008415147266, 125.00849914550781]"
stored_images\230404_112539_images\image_00001.png,"[0.17502188264957516, 0.003622486370062002, 5.632265710401628e-07, 2.5954116254855564e-08, -2.897703605446555e-16, 1.2424832028114868e-09, -3.124577778701513e-15, 9964.262982594897, 1.4254072138001228, 23.412390029325515, 232.77767595307918, 186.4591275659824, 119.17689514160156]"
stored_images\230404_112539_images\image_00002.png,"[0.16637825865743988, 0.0007783145193740678, 1.1790272818347377e-06, 4.0409346036623335e-08, -5.9540700799864e-15, 1.0067718512780557e-09, 6.507473289646633e-15, 11329.475644219201, 1.183147053377384, 24.964470284237727, 245.13016795865633, 127.02923126614986, 115.77752685546875]"
stored_images\230404_112539_images\image_00003.png,"[0.16723862306568638, 0.001024449248512996, 1.9387367174146703e-06, 6.584124619223587e-08, 2.191221579933125e-14, -5.683199821861473e-10, -8.556951785907388e-15, 11005.906641902402, 1.2206690915752505, 24.656644518272426, 244.3094684385382, 137.42126245847177, 115.9075927734375]"
stored_images\230404_112539_images\image_00004.png,"[0.16809465991838984, 0.0013111242107702484, 2.2669837619392425e-07, 2.1395688570867144e-08, 8.3471445367186145e-16, 3.3346870831907793e-10, 1.2343546087917727e-15, 10795.505650910665, 1.2396617161439605, 24.419117647058822, 243.48016415868673, 150.09627222982215, 115.68394470214844]"
stored_images\230404_112539_images\image_00005.png,"[0.16912747715975507, 0.0016340861018746054, 4.580170633624196e-07, 1.93618373528649e-08, 1.8129538203831183e-15, -1.0770844581447433e-10, -1.9406274442229215e-16, 10452.01370249939, 1.2665576539248575, 24.48872445384073, 241.99982381959126, 160.62350246652574, 115.05684661865234]"
stored_images\230404_112539_images\image_00006.png,"[0.17016663042265057, 0.0020731146908260618, 3.7160797404942605e-07, 2.7202606415305808e-08, -1.608286966128609e-15, -1.0250198982540182e-09, 2.2121643368197116e-15, 10381.222865909745, 1.3048180756077883, 24.02413671599718, 237.23273431994363, 174.31289640591967, 116.3855972290039]"
stored_images\230404_112539_images\image_00007.png,"[0.1719777155841607, 0.0026121053914789985, 2.653433632827647e-08, 9.59714039351606e-10, -3.558096897471431e-18, -4.891048061386347e-11, 3.285552711373516e-18, 9984.65446681343, 1.354238741104945, 23.80663915978995, 241.03750937734435, 171.43904726181546, 116.28244018554688]"
stored_images\230404_112539_images\image_00008.png,"[0.1728445180736028, 0.002878371811576839, 3.0924845402854326e-07, 5.818141910991493e-09, -1.4811034100810886e-16, -1.3121922148661332e-10, -1.9740663979439356e-16, 9745.908552345587, 1.3713687835161192, 23.762753188297076, 242.4150412603151, 171.44861215303825, 115.60810852050781]"
stored_images\230404_112539_images\image_00009.png,"[0.17260159903503114, 0.002834430017675711, 7.157676775676591e-07, 2.64229516957212e-08, -3.2355072212602555e-15, -1.0357798674737029e-09, 1.6540296463677797e-15, 9830.538932290685, 1.365788544353161, 23.738184546136534, 241.0787696924231, 171.31376594148537, 115.87250518798828]"
stored_images\230404_112539_images\image_00010.png,"[0.17182485089913568, 0.002530091021579931, 9.79874892436362e-07, 3.0765704660477895e-08, -5.1583683293420984e-15, -1.4581702361828357e-09, -1.387731759890626e-15, 10027.522370588616, 1.3466228126286686, 23.585392441860463, 237.61355377906978, 173.7487281976744, 116.20365905761719]"
stored_images\230404_112539_images\image_00011.png,"[0.17043602447655287, 0.002083516436466437, 1.1832718877273535e-06, 2.521394388461562e-08, -2.2092161033804393e-15, -1.1459835628652324e-09, -3.753228535522781e-15, 10242.83030019363, 1.310515828753853, 23.977272727272727, 238.34284707540522, 169.2052501761804, 115.85935974121094]"
stored_images\230404_112539_images\image_00012.png,"[0.17082814727371143, 0.0015734023576719235, 4.696024827699118e-06, 5.717910387254779e-07, 1.4311756117457e-13, -5.392141682406565e-09, 9.259654669894333e-13, 10925.53791244392, 1.2267658885158463, 25.10498338870432, 236.66661129568107, 159.42873754152825, 115.77165985107422]"
stored_images\230404_112539_images\image_00013.png,"[0.16832287459618978, 0.0014485800224484945, 4.1611089570815687e-07, 6.916822449954199e-09, 2.462301606068429e-16, -1.929802524008857e-10, -2.776132786364182e-16, 10857.158732559183, 1.2615352529237662, 24.735807113543093, 239.81532147742817, 157.5547195622435, 117.03285217285156]"
stored_images\230404_112539_images\image_00014.png,"[0.16747688942038103, 0.0011712231060302274, 1.7063235178629095e-06, 4.522078617867462e-08, 3.2860236196016555e-15, -1.1303946508630078e-09, -1.212397119297912e-14, 11085.525453745387, 1.236438708463082, 24.835382059800665, 241.67292358803988, 145.9313953488372, 117.0750732421875]"
stored_images\230404_112539_images\image_00015.png,"[0.16642840192512678, 0.0009125167791055306, 2.056722781612569e-06, 4.2269992277337994e-08, -9.971973767320366e-15, -1.273000564900656e-09, -7.476348812902971e-15, 11339.900787588966, 1.201281857687742, 25.00532945736434, 241.3294573643411, 136.6264534883721, 116.7151107788086]"
stored_images\230404_112539_images\image_00016.png,"[0.9115222794671046, 0.8013892309785716, 0.0004506375148556771, 0.0003639961359062482, 1.4731213092583603e-07, 0.0002999716234334935, 5.6599606555253255e-09, 1642.0929687337048, 8.097222429637918, 77.9, 89.15116279069767, 36.79883720930233, 115.30998229980469]"
stored_images\230404_112539_images\image_00017.png,"[0.9299010154390978, 0.615591211215553, 0.5889977045658412, 0.3641384378085031, 0.16814318423159758, 0.28097918839574454, 0.01291489947548305, 12338.093574652448, 2.545523066510733, 71.46424242424243, 89.24742424242424, 55.286818181818184, 177.2199249267578]"
stored_images\230404_112539_images\image_00018.png,"[0.7441869382189114, 0.40495451339059785, 0.06773591502852604, 0.05468700812406912, 0.003328395400306638, 0.03480064407195988, 6.5232098384938354e-06, 13300.104242494097, 2.8644565302338933, 65.6441095890411, 92.49917808219178, 57.245753424657536, 195.1859893798828]"
stored_images\230404_112539_images\image_00019.png,"[0.7369537972854432, 0.4028511371906274, 0.05037491577908475, 0.03905929974947013, 0.0017325736756005111, 0.024749415012027792, 5.432135800394623e-06, 12623.470178056625, 2.9667871879621086, 67.3253761574074, 82.74754050925925, 62.485098379629626, 193.5229949951172]"
stored_images\230404_112539_images\image_00020.png,"[0.38971323719673884, 0.12132832084661345, 0.0010715106765477897, 0.00040782700244168654, 2.695708763956801e-07, 0.0001419095546031301, -3.6242398656203573e-09, 12518.748663021717, 3.027024160517748, 59.95023148148148, 88.984375, 64.31409143518519, 194.6652374267578]"
stored_images\230404_112539_images\image_00021.png,"[0.45021331853031143, 0.0931292067306176, 0.0063487869236999415, 0.0039193727611919905, 1.7736524667800255e-05, 0.00117217918762733, -8.225539689156503e-06, 7060.313720703707, 2.1769526422163956, 81.62111801242236, 78.15864389233954, 60.19409937888199, 123.97567749023438]"
stored_images\230404_112539_images\image_00022.png,"[0.394258221631723, 0.12711924042020037, 0.0004732333125604473, 0.00022374047561805478, 7.264285646628966e-08, 7.871643152180502e-05, 4.839367928855184e-09, 10943.366229515523, 3.479616722427819, 63.76744944553164, 77.926614481409, 69.50424005218525, 195.1376953125]"
stored_images\230404_112539_images\image_00023.png,"[0.5885687936008476, 0.2173197417802556, 0.01742138892959741, 0.006605556409458661, 7.074485198715198e-05, 0.002564150581263606, -4.0504412188401e-06, 10075.941995510133, 2.533980661226399, 75.94012527634487, 98.12638172439205, 59.75202652910833, 159.78811645507812]"
stored_images\230404_112539_images\image_00024.png,"[0.4172226577110597, 0.08703573358379893, 0.0005046685772269945, 0.00048666549718358646, 6.319123239846972e-08, 9.5814347644455e-05, 2.3275892508806548e-07, 7966.995423182496, 1.9962230204098195, 79.08903792784459, 79.98913043478261, 60.42483811285847, 126.11066436767578]"
stored_images\230404_112539_images\image_00025.png,"[0.7434793242709153, 0.42641197416682836, 0.03140903613394123, 0.025904266793442342, 0.0007388845860763181, 0.016906512209045453, -4.386872340838123e-06, 11607.498779017013, 3.2162876442257136, 57.355587121212125, 83.80713383838383, 67.76420454545455, 193.21763610839844]"
stored_images\230404_112539_images\image_00026.png,"[0.6600498754846853, 0.38770103377260684, 0.01464412597868523, 0.0016485753836295526, -8.05095710058668e-06, -0.0009951545123950461, 8.916774809961522e-07, 2505.7422844762914, 4.108108224995892, 59.556306306306304, 107.45570570570571, 48.918168168168165, 101.45866394042969]"
stored_images\230404_112539_images\image_00027.png,"[0.4185932385662489, 0.12727631101943998, 0.022082848740779887, 0.014783135843978595, 0.00026708841185989, 0.005257037565323736, -2.7100246528998043e-06, 1636.5140325124667, 2.911413991949118, 67.0575, 81.79375, 42.49875, 69.02586364746094]"
stored_images\230404_112539_images\image_00028.png,"[0.7534806499834525, 0.4562415446598638, 0.04751453806543721, 0.02782737716542196, 0.0010061565445941424, 0.018564183943789378, 0.00010731034565282667, 8195.740417446359, 3.097942756743788, 77.04817127564674, 90.67662801070473, 71.10258697591436, 159.34219360351562]"
stored_images\230404_112539_images\image_00029.png,"[0.4778912564207892, 0.1774035407352803, 0.0019518011531605142, 0.0024063990938706465, 5.215061042111307e-06, 0.0009708009900080987, -3.516331004560658e-08, 4618.208056362957, 3.1937245653966304, 81.42380952380952, 78.41309523809524, 76.70436507936508, 121.4466323852539]"
stored_images\230404_112539_images\image_00030.png,"[0.7023743874493028, 0.42929059585184437, 0.03545269667072313, 0.01939407356431873, 0.0005085435790134568, 0.012705147957593988, -1.550868979193626e-07, 2778.5650770295324, 3.403845900935209, 80.90208333333334, 75.48194444444445, 51.579166666666666, 97.25125885009766]"
stored_images\230404_112539_images\image_00031.png,"[0.3907764971355975, 0.12501288148871223, 0.00032795655134780505, 0.0001690155667287605, 3.969505558102107e-08, 5.886328026638356e-05, -2.779148454859441e-09, 10223.766542491037, 3.683412251995606, 62.86440058479532, 74.92086988304094, 72.81907894736842, 194.05758666992188]"
stored_images\230404_112539_images\image_00032.png,"[0.6854488388523337, 0.41556551370569567, 0.021264324755844364, 0.0028787903341104585, -1.3477571655692535e-05, -0.0013703038070189823, 1.804646046210025e-05, 2913.644385543186, 3.941129743026968, 49.82625, 99.294375, 67.306875, 107.15899658203125]"
stored_images\230404_112539_images\image_00033.png,"[0.5042757572225827, 0.16874250375269623, 0.005680099385276089, 0.0007067912325810148, 3.3455712376172926e-07, -5.1982151742657385e-05, -1.376082339808715e-06, 10220.85179358453, 2.522178929428285, 71.04039855072463, 94.18967391304348, 68.8913043478261, 160.55783081054688]"
stored_images\230404_112539_images\image_00034.png,"[0.17787203693050127, 0.004957889203768042, 3.2761661253674974e-06, 2.115445763118566e-07, -1.7609597787006462e-13, -1.4461502605318973e-08, 2.2789030690284273e-15, 11299.435348401312, 1.4951019333549809, 29.760091145833332, 83.5791015625, 115.79524739583333, 129.97618103027344]"
stored_images\230404_112539_images\image_00035.png,"[0.2781332986612893, 0.032327423312197304, 0.005020179255049829, 0.002713850041854442, 9.986773437364473e-06, 0.0004874823574942019, 7.777997936585994e-07, 8136.602111801039, 1.8883540728393038, 75.51403985507247, 77.6881793478261, 69.8353713768116, 123.95477294921875]"
stored_images\230404_112539_images\image_00036.png,"[0.7363446669098891, 0.4212205749712949, 0.019882500580977663, 0.018687045564755377, 0.00036013358945298333, 0.012023419313426816, 7.034698169901504e-06, 10256.246742869378, 3.7048970759533484, 64.33881578947368, 73.99049707602339, 73.45449561403508, 194.93162536621094]"
stored_images\230404_112539_images\image_00037.png,"[0.4357254531507898, 0.11276110978488556, 0.00969834708317231, 0.0005026374607875873, 1.036098026900261e-06, 0.00016363428882565907, -3.975926244778172e-07, 19130.75070374238, 1.71649110047313, 62.43120933792576, 107.20665901262916, 56.337543053960964, 181.21192932128906]"
stored_images\230404_112539_images\image_00038.png,"[0.17775119024701777, 0.004800898127827103, 7.070156906889032e-07, 4.5009130547636153e-08, -7.107449353082467e-15, -3.1034382380310605e-09, -3.734995751772121e-15, 10970.267469021492, 1.4958894551280737, 26.269825268817204, 93.7216061827957, 125.44926075268818, 128.10272216796875]"
stored_images\230404_112539_images\image_00039.png,"[0.2719778398965091, 0.034161415177874584, 0.0028943111638713498, 0.000975343866989574, 1.6250715815513838e-06, 0.00017979647529560363, 2.1118982928595836e-07, 8105.346764675342, 1.8828650487292895, 71.82563405797102, 75.90579710144928, 73.85303442028986, 123.53652954101562]"
stored_images\230404_112539_images\image_00040.png,"[0.3805776072509515, 0.11689252763910367, 0.0005511994668839105, 0.00022266614970108738, 7.543739951025334e-08, 6.561292636868819e-05, -1.985825126687243e-08, 11131.658831215755, 3.373212613133684, 63.09722222222222, 80.43667328042328, 68.74636243386243, 193.7768096923828]"
stored_images\230404_112539_images\image_00041.png,"[0.3328797176943243, 0.06474048602287456, 0.007723844665464821, 0.0013290134190877905, 4.2579642068010514e-06, 0.00033814778848576004, -2.7119029807590877e-08, 18636.344965795288, 1.7650825707623432, 54.843087195600944, 110.92144540455617, 61.63079340141398, 181.36892700195312]"
stored_images\230404_112539_images\image_00042.png,"[0.17636243183036024, 0.004347020284229312, 1.2002427056201058e-06, 3.650219657574839e-08, 3.3104239300159377e-15, -1.761379489710163e-09, -6.885926462135867e-15, 10979.45128990343, 1.4615385021652771, 29.043882978723403, 85.58161569148936, 136.4434840425532, 126.67632293701172]"
stored_images\230404_112539_images\image_00043.png,"[0.30445274976152936, 0.046738193069020884, 0.009358034377097936, 0.004172391707861745, 2.5883279236485486e-05, 0.000897029928713443, 3.1290905022740066e-06, 7679.129203662975, 1.8846301409616295, 68.99396135265701, 87.67898550724638, 86.06497584541063, 120.30094909667969]"
stored_images\230404_112539_images\image_00044.png,"[0.7633583020217942, 0.4236964250876537, 0.02314298025027037, 0.014389181540371576, 0.0002625615171135822, 0.009322819961750078, 3.2224858890274896e-06, 12617.782174426131, 2.9852055972528673, 67.17939814814815, 78.97236689814815, 63.07175925925926, 194.07904052734375]"
stored_images\230404_112539_images\image_00045.png,"[0.16754693995567196, 0.0014522394054037706, 1.4219194039154834e-06, 5.843367052323908e-09, 3.334721470414234e-16, -1.958549890444849e-10, -4.1533081952772346e-16, 11573.989927184302, 1.2539087359412484, 20.89490740740741, 246.8655864197531, 110.22376543209876, 120.46878051757812]"
stored_images\230404_112539_images\image_00046.png,"[0.33060102903450794, 0.0629824400733456, 0.008027063197023546, 0.0013885360677397289, 4.635686402594203e-06, 0.0003484712064394009, -1.9892366952264993e-09, 18596.162573167123, 1.752416744919642, 51.483110761979574, 115.08994501178319, 65.24135899450118, 180.5220947265625]"
stored_images\230404_112539_images\image_00047.png,"[0.17527673897991203, 0.003975378393596989, 1.0090422006399937e-07, 1.3935490714336505e-08, 5.279150820451278e-17, 7.301177452473809e-10, 5.198888353933383e-16, 10700.896821939095, 1.4373463721704605, 27.54976222826087, 88.2749660326087, 153.6616847826087, 124.01973724365234]"
stored_images\230404_112539_images\image_00048.png,"[0.23972090122197798, 0.025133526000172147, 0.0015298732006625347, 0.00017896832199487073, 9.34562857793544e-08, 2.8045461403309206e-05, -5.967115277300353e-09, 8589.504937276943, 1.6489753388722173, 64.73674242424242, 92.31039562289563, 75.56186868686869, 119.0121078491211]"
stored_images\230404_112539_images\image_00049.png,"[0.8547764491266526, 0.5477186083990044, 0.30436806826659524, 0.23315629692322065, 0.06202920591608932, 0.17224446143544345, 0.003191387560539584, 13317.0, 2.7971014492753623, 64.70458333333333, 92.70055555555555, 57.674305555555556, 193.0]"
stored_images\230404_112539_images\image_00050.png,"[0.16819760384829968, 0.00158824645691831, 2.0343112934064042e-06, 5.10048254416376e-09, 3.55317689958696e-16, -4.612020160519413e-12, 3.79050618775817e-16, 11273.278430236329, 1.2732276812749663, 20.555681818181817, 248.20811688311687, 118.28051948051949, 119.8058853149414]"
stored_images\230404_112539_images\image_00051.png,"[0.33088647026943263, 0.06383762218327454, 0.007688786023386083, 0.0013993736737206827, 4.582457438697403e-06, 0.00035276696345565767, 2.660997689051914e-07, 18612.836588215083, 1.7257639372934928, 50.32256480754124, 117.21592694422624, 65.51973684210526, 179.22433471679688]"
stored_images\230404_112539_images\image_00052.png,"[0.17352885156446593, 0.00339782572132332, 1.0803425155863238e-06, 1.8424174998577456e-09, -2.3170192311453158e-17, 6.804347892484833e-11, -7.886508654594605e-17, 10530.065410927753, 1.4231763819653058, 26.712847222222223, 82.75763888888889, 164.43506944444445, 122.41789245605469]"
stored_images\230404_112539_images\image_00053.png,"[0.2412989548721059, 0.02770215541377014, 0.0010642731514737918, 0.0001349539793756371, 4.7480518440519686e-08, 2.0494805165338533e-05, -1.901142909274499e-08, 7942.738562255632, 1.7851100337845798, 69.08806818181819, 77.44081439393939, 78.22987689393939, 119.07418823242188]"
stored_images\230404_112539_images\image_00054.png,"[1.1380447379081278, 0.9494390849555757, 0.53165614019842, 0.26555128242682513, 0.09771309438809532, 0.2412500467623187, 0.02019773323144629, 12851.0, 2.5492957746478875, 70.80037313432835, 92.90355912743972, 52.9140355912744, 181.0]"
stored_images\230404_112539_images\image_00055.png,"[0.16888902861307237, 0.0017538425280165027, 1.6179479364112072e-06, 2.886276164413118e-09, -1.6047922970209798e-16, -9.673385119927225e-11, -1.146689919545021e-16, 10989.136466700118, 1.2692491421794512, 20.249832887700535, 245.55514705882354, 131.889371657754, 118.10144805908203]"
stored_images\230404_112539_images\image_00056.png,"[0.2744023951075838, 0.0483422548844165, 1.9594020882671273e-06, 2.2611930113865886e-07, 1.0501464044614058e-13, 2.9475266698466346e-08, -1.0782154595235356e-13, 15692.047587042209, 2.902399952519541, 43.396858884200654, 63.71999531176746, 125.30684481950304, 213.41180419921875]"
stored_images\230404_112539_images\image_00057.png,"[0.32487477126406283, 0.06002576482233041, 0.007699679378021592, 0.0013726878679582975, 4.446268381960723e-06, 0.0003347150901004192, 3.8216661324140633e-07, 18841.213889280916, 1.7149887944838682, 51.88222349789514, 108.38126674320704, 67.14667049368542, 179.75669860839844]"
stored_images\230404_112539_images\image_00058.png,"[0.17232005461827016, 0.0029246991760113745, 9.131426345531689e-08, 4.88922503662394e-09, -1.098357058012981e-17, -1.4992746453606608e-10, -1.0272136002503404e-16, 10452.456085492624, 1.3734316047162007, 26.21981534090909, 83.51171875, 158.05894886363637, 119.81541442871094]"
stored_images\230404_112539_images\image_00059.png,"[0.2339029166467521, 0.022046640951426964, 0.0018474315674438962, 0.00019261504894162873, 1.107756872778874e-07, 2.6626138125365985e-05, -3.0507788493858996e-08, 8758.989941840293, 1.6517856282240568, 62.17057613168724, 94.42942386831275, 74.44567901234568, 120.28289031982422]"
stored_images\230404_112539_images\image_00060.png,"[1.219228125309401, 1.1897464562812117, 0.46611378892609195, 0.2647760862874462, 0.09140452691896764, 0.27614636582234686, 0.017246618680606386, 13632.0, 2.704225352112676, 69.65638354700855, 108.26709401709402, 51.00814636752137, 192.0]"
stored_images\230404_112539_images\image_00061.png,"[0.16986130132249583, 0.0020468278114068156, 4.0577093174201346e-07, 1.6304939661739997e-09, 2.6232602883247606e-17, -5.976784388043383e-11, -3.272216220869818e-17, 10466.453351764649, 1.3094392434439446, 19.95278365045807, 246.92618040873856, 136.48009161381253, 117.06914520263672]"
stored_images\230404_112539_images\image_00062.png,"[0.2756592658760647, 0.04895772395966465, 3.195092606147475e-07, 1.1652549932544775e-08, 6.758465884116936e-16, 2.3456919207859244e-09, -2.2081832112457571e-16, 15429.838690349134, 2.921839023742394, 42.33977965307079, 70.63771683075481, 128.42147210501642, 212.32876586914062]"
stored_images\230404_112539_images\image_00063.png,"[0.3235364696462939, 0.05929407025721586, 0.007744569176790541, 0.0013848919775251776, 4.49909846413218e-06, 0.00033343338323523186, 5.732524713035259e-07, 18854.62169065664, 1.6888735906172399, 51.82245532245532, 115.3200271950272, 67.34158896658897, 178.44627380371094]"
stored_images\230404_112539_images\image_00064.png,"[1.1423883841055176, 1.1498701153075548, 0.18067733910868605, 0.09571544036919868, 0.012185398585670283, 0.08964137055400229, -0.0031544471982919223, 8385.065605061885, 3.8257764569575787, 65.72124670763827, 85.88849868305532, 56.86742756804214, 179.10719299316406]"
stored_images\230404_112539_images\image_00065.png,"[0.5805802914646312, 0.165657556251443, 0.0633331806371456, 0.014295949057071053, -0.00010796065906814127, -0.0026076399447128133, 0.0004163970215020331, 2765.6980545114493, 1.9138225797954407, 63.74669312169312, 85.15343915343915, 51.758597883597886, 72.75338745117188]"
stored_images\230404_112539_images\image_00066.png,"[0.1706049736161924, 0.002390072689910989, 9.927900432645453e-08, 1.0809129918228645e-08, 1.81571211096828e-16, -3.596074326002035e-10, 3.039938935291522e-16, 10398.788340570289, 1.3333333909272778, 26.847427766032418, 81.09566596194503, 157.17441860465115, 117.74995422363281]"
stored_images\230404_112539_images\image_00067.png,"[0.2315143967762604, 0.021008281741275864, 0.002083363101734976, 0.0002580944533186698, 1.8795402403252702e-07, 3.703786899702012e-05, -2.216429491609433e-08, 8745.839335103985, 1.6589812224263296, 67.44979423868313, 98.15329218106996, 80.04526748971193, 120.45407104492188]"
stored_images\230404_112539_images\image_00068.png,"[0.17110779176738358, 0.0024480569490239155, 5.868156043584865e-08, 3.383460559904535e-10, -1.4538347146602137e-18, -9.304656690282501e-12, 3.991104081761747e-19, 10305.48794690799, 1.3435471413829445, 19.688953488372093, 249.46656976744185, 137.8579215116279, 117.66864013671875]"
stored_images\230404_112539_images\image_00069.png,"[0.2770992190941861, 0.049743843556242465, 5.486527173853362e-07, 2.6550683015657403e-08, -2.292356795630733e-15, -5.854461216873023e-09, 2.2392000689328126e-15, 15252.997030347586, 2.9293946786122707, 41.88326300984529, 68.21436943272386, 137.40986872948898, 211.38128662109375]"
stored_images\230404_112539_images\image_00070.png,"[0.3200944984701158, 0.05725348119167191, 0.007315297251478576, 0.0012582777256089778, 3.782282241555191e-06, 0.00029643589599941074, 5.174570603906762e-07, 18797.981451563537, 1.6656773335909185, 53.08653846153846, 124.86480186480186, 62.18181818181818, 176.9501953125]"
stored_images\230404_112539_images\image_00071.png,"[1.2743993365771662, 1.3967505978414583, 0.4123699748509114, 0.2957818514592572, 0.10260432134547556, 0.3326177888775811, -0.011969414816762359, 13188.144929701462, 3.0862064981255095, 68.78819444444444, 92.20347222222222, 51.55222222222222, 201.7457275390625]"
stored_images\230404_112539_images\image_00072.png,"[0.16925722935718077, 0.0020058163750711192, 1.2317798333018053e-06, 6.193119317841691e-08, -1.1719835407018392e-14, -2.5942200770766317e-09, -1.245940501991831e-14, 10571.966157594696, 1.3038633794252188, 25.914200140944327, 80.99295278365045, 163.87684989429175, 117.406982421875]"
stored_images\230404_112539_images\image_00073.png,"[0.23449232839495276, 0.02253640698620088, 0.0020834148957607173, 0.0002823541023045302, 2.165603779940765e-07, 4.236850255557015e-05, 8.642705080527973e-11, 8906.247938901884, 1.6820954335354419, 72.05884773662551, 92.19609053497942, 81.86152263374485, 122.39754486083984]"
stored_images\230404_112539_images\image_00074.png,"[0.25203658846108246, 0.03005272124278741, 0.0019061049236734824, 0.00026949811969574844, 1.9304448944543823e-07, 4.651597168651309e-05, 6.5467972730525754e-09, 9133.81495697581, 1.745098138468987, 71.18735224586288, 92.97517730496453, 63.61997635933806, 126.25135040283203]"
stored_images\230404_112539_images\image_00075.png,"[0.1721112993059642, 0.002773235741035497, 7.448113508723283e-08, 4.667669651083419e-09, -7.639763823419977e-17, -2.2759722018818e-10, -4.168660117938355e-17, 10123.828808999562, 1.3699138183434063, 19.515003750937733, 248.66635408852213, 141.15960240060016, 117.76575469970703]"
stored_images\230404_112539_images\image_00076.png,"[0.27978194050795735, 0.051191763679254536, 1.0119041544763584e-06, 2.618412092534442e-07, 1.2529538825995312e-13, 3.4401479411983844e-08, 4.966706502875775e-14, 14968.744086326566, 2.9740190272335965, 41.307815581854044, 66.06237672583826, 147.01269723865877, 210.99130249023438]"
stored_images\230404_112539_images\image_00077.png,"[0.3174067761347763, 0.05390405440347198, 0.008186337344973652, 0.0013133479505213945, 4.303976681426637e-06, 0.0003047981668973791, 1.4449477603558084e-07, 19072.148979609367, 1.6432963404557157, 62.02102272727273, 104.43560606060606, 57.763636363636365, 177.03443908691406]"
stored_images\230404_112539_images\image_00078.png,"[1.266060722576783, 1.3629376462342395, 0.12395243459615209, 0.06715272929240093, 0.005761762920100999, 0.06315145582393275, -0.0020827678159438985, 10904.914741315413, 3.1514330095057543, 66.53053830227744, 89.85317460317461, 55.84972394755003, 185.3809814453125]"
stored_images\230404_112539_images\image_00079.png,"[0.16853524287029364, 0.0017196744796765904, 1.5404648045065159e-06, 7.519072284999975e-08, -1.956153911716623e-14, -2.8569390553678173e-09, -1.6498493909514163e-14, 10766.309223082964, 1.2700223051481487, 25.779411764705884, 85.6798905608755, 169.20348837209303, 116.93354034423828]"
stored_images\230404_112539_images\image_00080.png,"[0.2443236119859208, 0.026353192100987802, 0.001926406158970813, 0.00023011314196876975, 1.5115371326747847e-07, 3.7250545476431274e-05, 2.501490669588924e-08, 9063.906327240169, 1.683357903887561, 75.80535426731079, 91.63808373590982, 76.74396135265701, 123.5224609375]"
stored_images\230404_112539_images\image_00081.png,"[0.24576185323712862, 0.028220244107196868, 0.0016051945975885677, 0.00022638528331063313, 1.3468404417099178e-07, 3.6508799596392994e-05, 2.200405010082341e-08, 9019.571462875465, 1.7182338471388285, 66.41264090177134, 94.78884863123993, 71.36473429951691, 124.4898910522461]"
stored_images\230404_112539_images\image_00082.png,"[0.17221328766888916, 0.0028078417305404447, 2.0676308598049834e-08, 6.816602725256917e-10, -1.238704414546132e-18, -3.577861293795229e-11, -2.2393394180388496e-18, 10093.487396427663, 1.3667422180318292, 19.483495873968494, 248.6055888972243, 140.76406601650413, 117.45294952392578]"
stored_images\230404_112539_images\image_00083.png,"[0.2825022397631176, 0.05273450381906079, 9.826962032881162e-07, 1.3411211287657188e-07, 2.4232551212064728e-14, 1.180726311578566e-09, 4.222786387868793e-14, 14869.437955263304, 2.991202561190894, 39.34861932938856, 72.15236686390533, 152.96918145956607, 210.8968963623047]"
stored_images\230404_112539_images\image_00084.png,"[0.3486071900817711, 0.06403197249232939, 0.007102114758414246, 0.00017430928748860366, 1.8532974298657072e-07, 4.288409758787606e-05, 5.7156491853666466e-08, 19194.59005007986, 1.651050422338402, 70.85189393939395, 100.8063446969697, 53.863731060606064, 178.02032470703125]"
stored_images\230404_112539_images\image_00085.png,"[0.8279416321323381, 0.5313236428570016, 0.36363884743911995, 0.28024285802686105, 0.08936852672296712, 0.20355926564429805, -0.0040811221459127744, 14098.89074957068, 2.767487955273454, 62.86327713382508, 99.00763962065332, 53.663066385669126, 197.53103637695312]"
stored_images\230404_112539_images\image_00086.png,"[0.16824651402583657, 0.0016155805137135083, 1.6683496217092292e-06, 5.347558032152815e-08, -2.507204404656743e-15, -1.8733665193650904e-09, -1.5774639771297034e-14, 10961.251666660188, 1.2648182977394342, 27.985807113543093, 73.92151162790698, 156.19716142270863, 117.74545288085938]"
stored_images\230404_112539_images\image_00087.png,"[0.303589869841111, 0.03507324744673454, 0.004165168848979539, 0.0004162580810346559, 4.705117256652453e-07, 7.259204759900266e-05, 2.811281665205143e-07, 9420.868691290263, 1.7293640486344206, 77.4074074074074, 98.17612293144208, 72.71414499605989, 127.64055633544922]"
stored_images\230404_112539_images\image_00088.png,"[0.2461071988351865, 0.030910210427512734, 0.0009645706221562077, 0.00017980675009770307, 6.322471379457623e-08, 2.515897085809546e-05, 4.0123714810473567e-08, 7409.402515694499, 1.973947540924813, 63.1280303030303, 88.43282828282828, 77.12525252525252, 120.93705749511719]"
stored_images\230404_112539_images\image_00089.png,"[0.522338247317284, 0.23456605481010884, 0.005010144330082298, 0.0006179116162973476, -5.061751181088733e-07, -0.00015320401879778128, 9.62194872998372e-07, 1523.4498924336513, 3.626286658357955, 53.32804232804233, 153.5648148148148, 33.27248677248677, 74.32675170898438]"
stored_images\230404_112539_images\image_00090.png,"[0.1717148242014162, 0.0026768424238688008, 1.4077442444062052e-07, 4.1112608644145924e-09, -4.832739592387203e-19, -1.5179367180251425e-10, -9.890522768337431e-17, 10254.283506290987, 1.3512522295713636, 19.612281976744185, 247.7908793604651, 141.04651162790697, 117.7120361328125]"
stored_images\230404_112539_images\image_00091.png,"[0.28485900280717824, 0.05405693700708315, 2.9586299732135363e-06, 5.602789758401487e-07, 5.70543269478905e-13, 7.297825620448366e-08, 4.4140689771290307e-13, 14532.443194646621, 3.05350439853834, 35.564358974358974, 77.80153846153846, 153.6976923076923, 210.65345764160156]"
stored_images\230404_112539_images\image_00092.png,"[0.4958874299019893, 0.1616920347729113, 0.006533000757113249, 6.942899570692522e-06, -4.6413938521879327e-10, -2.7128094879968768e-06, 1.4039243305721564e-09, 16943.709900707938, 1.7884846738543916, 71.8576923076923, 113.33611111111111, 51.22435897435897, 174.07919311523438]"
stored_images\230404_112539_images\image_00093.png,"[0.16273168810557442, 0.00023341951501609204, 7.319806114707249e-07, 1.0098255252716367e-08, -2.4224628948823065e-16, -3.2840805721225115e-11, -8.337183705091823e-16, 9081.342636913992, 1.0792145950132341, 42.34293300653595, 68.65236928104575, 128.59150326797385, 98.99857330322266]"
stored_images\230404_112539_images\image_00094.png,"[0.5597238154294711, 0.260216009678249, 0.008867423492712035, 0.0077888705774678095, 6.464937445691527e-05, 0.003944154411831749, 3.2442030413796907e-06, 3850.1270614913665, 3.2272077168344104, 84.8810975609756, 91.73780487804878, 66.08841463414635, 111.46820068359375]"
stored_images\230404_112539_images\image_00095.png,"[0.8937491673374476, 0.6290641086608724, 0.5062940277225085, 0.395992759666353, 0.17692983495441725, 0.311180338016683, -0.01159873609921172, 14235.517309519812, 2.710736790506833, 65.89662607813293, 93.02549467275495, 56.78513444951801, 196.44017028808594]"
stored_images\230404_112539_images\image_00096.png,"[0.16807208878541088, 0.0016291309736049802, 3.689864312277523e-07, 2.4134109695423952e-09, -3.358366490021614e-17, 6.413763462611961e-11, 6.371023524396479e-17, 11303.25992731098, 1.2783614270377213, 29.68174603174603, 61.16984126984127, 149.26031746031745, 120.20670318603516]"
stored_images\230404_112539_images\image_00097.png,"[0.3936984507404756, 0.057508606937156086, 0.01053526312169276, 0.0025305351345605654, 1.3032677729749577e-05, 0.0005858785497443889, 9.319678196267747e-07, 8498.413980621204, 1.6884599009715193, 63.38636363636363, 87.30332167832168, 77.83107517482517, 119.78827667236328]"
stored_images\230404_112539_images\image_00098.png,"[0.643110516378012, 0.3588617964976237, 0.01070396250717073, 0.001645331027866324, -8.029848357353202e-07, -0.000258188461644432, -6.857967904829639e-06, 2620.477839860134, 3.247368468406648, 49.87352941176471, 133.40735294117647, 45.008823529411764, 92.247802734375]"
stored_images\230404_112539_images\image_00099.png,"[0.1706392933701285, 0.0023807808303227492, 6.327877009519607e-08, 1.568282652689009e-10, -5.0509545786880084e-20, -7.622886677547933e-12, 4.914551249569081e-19, 10493.796749883797, 1.343865120826468, 19.72245179063361, 241.6797520661157, 143.31749311294766, 118.75288391113281]"
stored_images\230404_112539_images\image_00100.png,"[0.33640516643364965, 0.054591730800006656, 0.008583827933730144, 0.0015644035137235305, 5.04129376751016e-06, 0.0003498799076998289, 2.7294471123893703e-06, 1465.099946658971, 1.769230820216113, 80.91805555555555, 61.25694444444444, 60.020833333333336, 50.91267013549805]"
stored_images\230404_112539_images\image_00101.png,"[0.2878678300149793, 0.05574277689332557, 3.888797701398949e-06, 6.847939372199244e-07, 9.333142139672968e-13, 1.0786521599770095e-07, 6.14598121118439e-13, 14549.369228743482, 3.0389970136140563, 36.464615384615385, 67.2598717948718, 155.21397435897435, 210.27479553222656]"
stored_images\230404_112539_images\image_00102.png,"[0.40396648896062537, 0.08045060349810325, 0.012346181580828265, 0.00021910529528288512, 1.8625829923187045e-08, -5.432904582435405e-05, -3.598858535453277e-07, 17310.479345505126, 1.4801253553503328, 81.5103125, 114.81166666666667, 45.8909375, 160.06773376464844]"
stored_images\230404_112539_images\image_00103.png,"[0.16307976299273463, 0.00026132215852815987, 7.143077345058257e-07, 2.0029731229147914e-08, -2.3945971084001905e-15, -3.1299072773290424e-10, 7.674088970038528e-17, 8689.020818276913, 1.0940196937370656, 43.59680134680135, 57.44633838383838, 147.1334175084175, 97.4985122680664]"
stored_images\230404_112539_images\image_00104.png,"[0.7480079850771405, 0.45514470628059206, 0.004787154940335842, 0.0024145070373215, 7.090729854319984e-06, 0.0014500252979657415, -4.136000502689359e-06, 4184.864205616235, 2.9901479123442676, 71.88414634146342, 80.09287054409006, 61.98780487804878, 111.86314392089844]"
stored_images\230404_112539_images\image_00105.png,"[0.763482083118544, 0.5534892141216026, 6.974494000386195e-05, 1.6721290714731413e-05, 3.844319338192706e-10, 2.7961262547816072e-06, 4.22244642416669e-10, 1208.5771383294195, 7.000000290316634, 75.81066176470588, 120.18382352941177, 31.21875, 91.97847747802734]"
stored_images\230404_112539_images\image_00106.png,"[1.1318048146759054, 1.0273876624414622, 0.3754825468464165, 0.2135485542543758, 0.05976233131485277, 0.2081666969947418, -0.009224008644830577, 14012.501055345987, 2.6671308536904603, 64.33371913580247, 96.2824074074074, 56.18569958847737, 193.32142639160156]"
stored_images\230404_112539_images\image_00107.png,"[0.16753734322017472, 0.0015757057960478693, 3.271842919217968e-07, 1.8209886272831905e-08, -1.3469591088798336e-15, -7.162785510843695e-10, -4.0170882167105765e-16, 11608.95354614593, 1.2702340469849702, 31.695238095238096, 58.51079365079365, 139.80873015873016, 121.4334716796875]"
stored_images\230404_112539_images\image_00108.png,"[0.24219075767064008, 0.028746589431483113, 0.0010929922851618404, 0.00016868125473093684, 5.139870126618338e-08, 1.84809142022921e-05, 5.1029834453201346e-08, 7232.8271315178135, 1.9483256567387357, 63.92277892561984, 81.91787190082644, 84.56869834710744, 118.70932006835938]"
stored_images\230404_112539_images\image_00109.png,"[0.6238118347523233, 0.33528856711855276, 0.009203990058506223, 0.0013821575094035785, -1.365869080605165e-06, -0.00033418321009005066, -4.736747688285007e-06, 2719.623566419352, 3.1354170093680196, 45.641176470588235, 135.29926470588236, 49.60073529411765, 92.34259033203125]"
stored_images\230404_112539_images\image_00110.png,"[0.1697342354375841, 0.0021299506495631015, 2.1723284398141227e-07, 7.607934030474606e-09, -1.8655896287856464e-16, -3.4908522165422395e-10, -2.4668750232492704e-16, 10862.828866819036, 1.3117855647215702, 19.981577134986225, 245.21625344352617, 136.55010330578511, 119.37211608886719]"
stored_images\230404_112539_images\image_00111.png,"[0.467416615847106, 0.12307704192460392, 0.04669150286460944, 0.006932557121860597, 9.684989757135595e-06, -0.0006071841827289346, -0.0001243500209216519, 2290.89076634869, 2.1851850455521395, 73.54967948717949, 122.90785256410257, 34.52163461538461, 70.75323486328125]"
stored_images\230404_112539_images\image_00112.png,"[0.28953461578046824, 0.0567921660366349, 6.658321650225718e-06, 9.096934037425256e-07, 1.0916758228207435e-12, 5.608518444230248e-08, 1.9546591057348044e-12, 14438.511515043676, 3.105144313047339, 36.10354430379747, 70.35784810126582, 151.7187341772152, 211.73960876464844]"
stored_images\230404_112539_images\image_00113.png,"[0.16346134883295732, 0.00028162440184456686, 1.4260291081434068e-06, 3.63166391691438e-08, -5.407561226514345e-15, -6.028060157738153e-10, 6.2499725372320595e-15, 8388.640174255357, 1.1032109162631123, 40.25151909722222, 61.58875868055556, 153.07769097222223, 96.19999694824219]"
stored_images\230404_112539_images\image_00114.png,"[0.7400209629246062, 0.41181670366942646, 0.011444491218925601, 0.009139945993619504, 9.335884133183697e-05, 0.005820961258267542, -4.736598256318132e-06, 11214.446372981765, 3.3697928276614904, 65.89682539682539, 84.20651455026454, 63.53323412698413, 194.39743041992188]"
stored_images\230404_112539_images\image_00115.png,"[0.4260249835241654, 0.09765562942528423, 0.009446660618429248, 0.0013594134304220347, 2.0572064706546408e-06, 0.0002189919997149847, -4.4158608833902e-06, 7473.115701882751, 1.775726504411202, 84.77688953488372, 85.50726744186046, 67.84593023255815, 115.19639587402344]"
stored_images\230404_112539_images\image_00116.png,"[0.16754564226821966, 0.0016544077344497355, 2.8647086293838895e-07, 1.386457963967041e-08, -6.134926136837461e-16, -2.2443329814410106e-10, 6.221831977883806e-16, 12074.120641999762, 1.2615992231232511, 38.15096618357488, 49.545138888888886, 137.04106280193236, 123.42082977294922]"
stored_images\230404_112539_images\image_00117.png,"[0.24344593506505222, 0.02849102106963452, 0.0012950812804624606, 0.0001833667849030423, 7.537453436197597e-08, 2.5628322640076564e-05, 4.7993619735001584e-08, 7663.190059939399, 1.901893252474048, 66.15748792270531, 82.85048309178744, 89.61932367149758, 120.72518157958984]"
stored_images\230404_112539_images\image_00118.png,"[0.40364970596241384, 0.10385491515304322, 0.002994652986353779, 0.0010501337328149456, 1.8535310004811718e-06, 0.000334827797793246, -1.8009097993942928e-07, 3252.449637757789, 2.6197477424496336, 38.2539592760181, 128.1131221719457, 52.345588235294116, 92.30708312988281]"
stored_images\230404_112539_images\image_00119.png,"[0.1689022081854863, 0.001921314239226774, 7.338623124285604e-07, 6.932515391421112e-09, 3.4896910258083733e-16, 2.1838899626305258e-11, 3.5032158013225653e-16, 11294.763505767449, 1.2837285592640433, 20.62826797385621, 244.74477124183005, 132.03660130718956, 120.41349792480469]"
stored_images\230404_112539_images\image_00120.png,"[0.163449025908742, 0.0003454863190931038, 8.038210148960846e-07, 8.389267357135096e-09, 5.520085965535657e-16, -4.853277003667567e-11, -4.121778534584018e-16, 8793.578668613918, 1.082987620023155, 49.13741582491583, 47.82744107744108, 142.94949494949495, 97.58758544921875]"
stored_images\230404_112539_images\image_00121.png,"[0.29357520193302167, 0.05913486575970159, 8.398817565091898e-06, 9.3528388914008e-07, -1.5892441630814579e-13, -6.69263484653517e-08, 2.61652343517599e-12, 14354.525393847842, 3.1380066244984617, 40.04810126582279, 63.741772151898736, 151.54708860759493, 212.23712158203125]"
stored_images\230404_112539_images\image_00122.png,"[0.16361548112264118, 0.00023101065767950965, 9.714295703031466e-07, 3.232072594930507e-08, -5.217796911835903e-15, -4.896685440126907e-10, 2.3607509482267982e-15, 8153.128675903659, 1.0998722727475732, 44.28727678571428, 48.317410714285714, 168.40982142857143, 94.69635772705078]"
stored_images\230404_112539_images\image_00123.png,"[0.45246329513879296, 0.17457963611618382, 0.00021934200664613612, 0.00011425605115598616, 1.765990064026149e-08, 3.429962799187753e-05, 3.909902728364196e-09, 797.3844086568133, 4.112675975307363, 77.02678571428571, 120.03571428571429, 32.36904761904762, 57.26590347290039]"
stored_images\230404_112539_images\image_00124.png,"[0.7111809618806997, 0.37322062499843855, 0.23331170503769116, 0.1701250830687764, 0.03384539421061319, 0.10329174505467188, -0.0018115616573624541, 14174.413169084233, 2.603263558378955, 67.36406893004116, 92.91087962962963, 64.13708847736625, 192.09303283691406]"
stored_images\230404_112539_images\image_00125.png,"[0.36658610478394266, 0.06540834344308774, 0.009648894680611529, 0.0013189649300642907, 2.330793809449804e-06, 0.0001808293219108065, -4.087466774221106e-06, 8458.02650459489, 1.5789656107354875, 79.10529715762274, 89.77799310938846, 67.47416020671835, 115.56354522705078]"
stored_images\230404_112539_images\image_00126.png,"[0.4395553570637986, 0.16489425174801328, 4.268265955762665e-06, 1.7666730790546277e-06, 4.708437122449002e-12, 2.3955771607977635e-07, -1.1687328751142647e-12, 5373.083668653155, 3.9685676264425562, 79.1655982905983, 107.5195868945869, 46.164529914529915, 146.02549743652344]"
stored_images\230404_112539_images\image_00127.png,"[0.23713967893305854, 0.024939750810434733, 0.0013055620744951897, 0.00016915010298620856, 7.730630874744868e-08, 2.6016594105183983e-05, 1.849971645542281e-08, 8448.321743852459, 1.7107525668803523, 64.19508547008547, 88.82350427350427, 90.2508547008547, 120.2205810546875]"
stored_images\230404_112539_images\image_00128.png,"[0.6083388582039069, 0.31193124014508916, 0.013797835377518611, 0.0038940056892752192, 2.0781326167332173e-05, 0.0010838857166347964, -1.956635090447687e-05, 2783.896739570657, 2.9615383658303283, 38.086776859504134, 135.6763085399449, 55.579201101928376, 90.79987335205078]"
stored_images\230404_112539_images\image_00129.png,"[0.16847866811876117, 0.0018072079787264414, 5.891289141977294e-07, 7.23156476997012e-10, -6.5044146441362015e-18, -2.8275377052139596e-11, -1.3434600192788e-17, 11543.977064046543, 1.288308170487182, 21.05095238095238, 245.78222222222223, 129.40825396825397, 121.95162963867188]"
stored_images\230404_112539_images\image_00130.png,"[0.1635179486525932, 0.00026916878899361726, 1.8212596127987547e-06, 4.611644198611038e-08, -1.1932764503986234e-14, -7.050934318749135e-10, 6.019376617688309e-15, 8566.155368916749, 1.0875000548014353, 50.808291245791246, 47.88215488215488, 159.22874579124579, 96.5178451538086]"
stored_images\230404_112539_images\image_00131.png,"[0.29466822667769377, 0.059839262743577, 7.601891168474419e-06, 6.635569392942919e-07, -1.3561189267932705e-12, -1.4894899641359627e-07, 6.180458778907206e-13, 14364.081183944363, 3.1957111782140415, 44.15075, 55.347125, 148.363375, 214.25091552734375]"
stored_images\230404_112539_images\image_00132.png,"[0.1633339327545127, 0.00015537940512693705, 1.7213719114799178e-07, 5.131704764159148e-09, -1.4078606977969497e-16, 6.328799791004754e-11, -5.866822028222315e-17, 7987.29044976295, 1.077180405895101, 40.87408088235294, 52.68772977941177, 170.8839613970588, 92.75641632080078]"
stored_images\230404_112539_images\image_00133.png,"[0.8292862578980172, 0.6170183640104241, 0.006075903354264502, 0.002863297348007089, 1.1888841304085376e-05, 0.0020629908320031957, 1.1336806275172339e-06, 7804.756871358259, 4.350980105173232, 74.12705314009662, 75.98816425120773, 78.17512077294685, 184.27789306640625]"
stored_images\230404_112539_images\image_00134.png,"[0.43430876560802345, 0.08543587075177647, 0.0348378520072774, 0.015391973992378356, 0.0003481006595928755, 0.004354106834171999, -7.657761461491724e-05, 7684.428155509115, 1.7444795648921765, 75.58963178294573, 81.23837209302326, 63.45421511627907, 115.78137969970703]"
stored_images\230404_112539_images\image_00135.png,"[0.8489295935199646, 0.5089166486918394, 0.30188906705299123, 0.10625578336921347, 0.018024196145773084, 0.06266897792411595, 0.006106735582328999, 7278.133775895461, 2.4285929805570925, 57.82397959183673, 112.17627551020408, 51.86147959183673, 132.94970703125]"
stored_images\230404_112539_images\image_00136.png,"[0.48679406663949315, 0.2013468264812779, 0.0009764216227210432, 0.0010954776550279356, 1.1324511928716881e-06, 0.0004912196873047243, 3.475970825463454e-08, 5202.0006578494795, 3.986206817899584, 70.96616809116809, 113.56588319088318, 40.70940170940171, 144.00086975097656]"
stored_images\230404_112539_images\image_00137.png,"[0.24084753387240881, 0.027127430330372293, 0.001195955835699121, 0.0001545229282862697, 6.380836653217014e-08, 2.4292620027956607e-05, 1.846851281234488e-08, 8158.616604579845, 1.7883608533737083, 69.64177777777778, 82.15644444444445, 82.37333333333333, 120.79135131835938]"
stored_images\230404_112539_images\image_00138.png,"[0.3078888194833578, 0.05790061143389039, 0.000704837036412995, 0.00013672929613575598, 3.8401416818004534e-08, 2.6325145618647294e-05, 1.8082968080800862e-08, 3437.9112337119877, 2.3412263630943677, 34.45887445887446, 136.4431818181818, 56.78192640692641, 89.7158203125]"
stored_images\230404_112539_images\image_00139.png,"[0.16762852211463444, 0.0016249575676945338, 6.752158755719373e-07, 4.2029963613719965e-09, -9.23351441964345e-19, -1.6918305015991926e-10, -2.239010604461577e-16, 11878.75130046159, 1.2702388360961177, 21.216512345679014, 247.8773148148148, 116.93580246913581, 122.83668518066406]"
stored_images\230404_112539_images\image_00140.png,"[0.1633334989297715, 0.0002083178739873788, 1.0762941271042104e-06, 3.338146782381409e-08, -5.798443669404876e-15, -3.602266562332202e-10, -2.532535392747828e-15, 8157.329846910201, 1.0762626227660976, 40.01194852941177, 57.802619485294116, 157.83019301470588, 93.6986083984375]"
stored_images\230404_112539_images\image_00141.png,"[0.29465654200668423, 0.05985569287809184, 9.62170858084061e-06, 1.078118907077344e-06, -5.772134458766084e-13, -1.0609143252967735e-07, 3.4240595024208486e-12, 14370.99836934777, 3.1843431320686233, 46.25987341772152, 56.5873417721519, 137.97898734177215, 213.92098999023438]"
stored_images\230404_112539_images\image_00142.png,"[0.16308294546712732, 6.966558729179235e-05, 5.008773097354977e-07, 1.8081763537258443e-08, -1.5424319805786278e-15, -1.367486355982236e-10, 7.628944561191211e-16, 7792.479855651851, 1.0487239527416523, 37.71377840909091, 53.05326704545455, 172.74597537878788, 90.4000015258789]"
stored_images\230404_112539_images\image_00143.png,"[0.48311715461153426, 0.10628753146874555, 0.032945451048613246, 0.02238550374498349, 0.0005966790928273175, 0.0071173731865420906, -0.0001163766230217972, 7044.695243465656, 1.80166319283586, 80.3713768115942, 75.7973602484472, 61.927277432712216, 112.6595230102539]"
stored_images\230404_112539_images\image_00144.png,"[0.48302398744071157, 0.1732787199028814, 0.015663550984468484, 0.005375177670177876, 4.88620406341317e-05, 0.0022030540377210644, -6.714890252700989e-06, 13391.348235402256, 2.480180870504195, 75.06467864923748, 93.53880718954248, 62.71514161220043, 182.24424743652344]"
stored_images\230404_112539_images\image_00145.png,"[0.48949416464603285, 0.20964654815612002, 5.8899479671120274e-05, 9.850631371688786e-06, 1.4926146918298907e-10, 2.472976442921624e-06, 1.844461981778833e-10, 5648.459954528371, 4.176020953769067, 71.50539811066128, 104.40452091767881, 42.40080971659919, 153.58413696289062]"
stored_images\230404_112539_images\image_00146.png,"[0.23712575830596544, 0.023835561123809912, 0.0012667969651519694, 9.231632127229321e-05, 3.019911102910497e-08, 1.372206592999632e-05, 9.201264235409442e-09, 8203.925902900519, 1.7503726861115374, 75.17954545454545, 83.55181818181818, 85.31, 119.83291625976562]"
stored_images\230404_112539_images\image_00147.png,"[0.40715901012657346, 0.11487318722193576, 0.000376925659849861, 3.974594198607275e-05, 2.3154657868026435e-09, 4.5166283041699845e-06, 4.27844843083029e-09, 3082.0798340882175, 3.4138114378429436, 56.18181818181818, 117.3151913875598, 44.165071770334926, 102.57504272460938]"
stored_images\230404_112539_images\image_00148.png,"[0.33777907094065157, 0.06906217365479585, 0.00011658790120412703, 4.4094552567507235e-07, -8.609518504227302e-13, -1.1355347711027091e-07, 3.042096141926162e-12, 3406.7878225271415, 2.413062699540509, 37.13228438228438, 127.70104895104895, 63.03496503496503, 90.66858673095703]"
stored_images\230404_112539_images\image_00149.png,"[0.16344066791997008, 0.00014006546525125282, 1.1754690992022838e-06, 4.9845490035920296e-08, -3.806046730497239e-15, -5.559702040367766e-10, 1.1449440512160998e-14, 7882.4665957731195, 1.0695233682218346, 35.63662239089184, 70.52870018975332, 180.6518026565465, 91.81765747070312]"
stored_images\230404_112539_images\image_00150.png,"[0.29433782009718656, 0.05973888154148773, 7.815973910055699e-06, 7.202774621615193e-07, -1.3257477509304782e-12, -1.5029365998091404e-07, 1.0784542155513278e-12, 14584.61442176078, 3.1563009515920943, 49.1085, 53.42425, 130.292375, 214.5540313720703]"
stored_images\230404_112539_images\image_00151.png,"[0.16264072736568452, 8.870184417295736e-06, 2.682869135231527e-07, 5.4814745776859364e-09, -7.101599404627857e-17, -1.4695684058469822e-11, -1.978470171315535e-16, 7910.748267052579, 1.008272484580877, 41.48760330578512, 51.255050505050505, 170.40863177226814, 89.30951690673828]"
stored_images\230404_112539_images\image_00152.png,"[0.2551688881908405, 0.03682179048255533, 0.00039106885678422576, 0.00014394348858970732, 3.405882905164396e-08, 2.725596649224801e-05, -2.519377841205508e-09, 12211.973792427452, 2.10580852772319, 79.59464285714286, 105.87395833333333, 70.2827380952381, 160.36233520507812]"
stored_images\230404_112539_images\image_00153.png,"[0.17750647412056597, 0.0006395678545270557, 0.00023985263877500867, 4.067489539662926e-05, -3.1451610147805643e-09, -9.384497360183918e-07, -2.499743347574166e-09, 2796.160772552539, 1.0583656741429772, 74.16776315789474, 62.123026315789474, 78.20328947368421, 54.40000534057617]"
stored_images\230404_112539_images\image_00154.png,"[0.5563069957760414, 0.23349507000792863, 0.025155285393629677, 0.009948748071728453, 0.00015515176111960323, 0.004748948266318301, -2.642760433318659e-05, 13244.000284112873, 2.4850496082061064, 82.21116639027086, 83.73217247097844, 62.032476506357106, 181.41664123535156]"
stored_images\230404_112539_images\image_00155.png,"[0.48638692559987373, 0.20598224375919988, 0.0005902427892550571, 0.0005436230710651985, 3.0793047693910306e-07, 0.0002466636381619618, 2.035693062660325e-09, 5399.236757487874, 4.488736622656456, 60.20007183908046, 104.0021551724138, 50.32579022988506, 155.67835998535156]"
stored_images\230404_112539_images\image_00156.png,"[0.23662936169189502, 0.02327317991368269, 0.0011297836215165467, 3.660649853582484e-05, 7.0185451606650245e-09, 5.374243719456724e-06, 2.4820249534958e-09, 8333.938590468548, 1.7320513058820153, 84.75288888888889, 75.74288888888888, 83.56822222222222, 120.14495086669922]"
stored_images\230404_112539_images\image_00157.png,"[0.3724651640662973, 0.09311677254200888, 0.00015584975467483242, 7.511319956630251e-05, 8.102163631622014e-09, 1.8798075312820506e-05, -6.342082957410351e-10, 2971.6155693748733, 3.0575387046076483, 55.4012987012987, 108.84025974025974, 46.153246753246755, 95.31961822509766]"
stored_images\230404_112539_images\image_00158.png,"[0.33079180341730974, 0.06295980506421787, 0.0004604199085268887, 8.427213131592356e-05, 1.6155546011991872e-08, 1.8584170754904428e-05, 3.814694461410266e-09, 3442.492181689333, 2.365193809293499, 32.9534632034632, 125.9853896103896, 62.16991341991342, 90.23392486572266]"
stored_images\230404_112539_images\image_00159.png,"[0.16295087892301235, 4.8723603326420074e-05, 1.7233438520234535e-07, 6.607094807588528e-09, -2.1890909787586141e-16, 4.393977067607919e-11, -4.223984880230678e-17, 7674.222406429239, 1.0377604663406148, 35.30351906158358, 61.991446725317694, 169.24780058651027, 89.24127197265625]"
stored_images\230404_112539_images\image_00160.png,"[0.1627078601077842, 4.480494464144905e-05, 6.07271450439485e-07, 1.0234641311929827e-08, -2.852040082289379e-16, -6.595588855843907e-11, 7.547769791015889e-16, 7847.39973449707, 1.0367815741177262, 36.97159090909091, 49.64867424242424, 172.93513257575756, 90.19999694824219]"
stored_images\230404_112539_images\image_00161.png,"[0.25511645148939965, 0.037075675562951896, 0.0003289769679792384, 0.00012324889252669102, 2.4817362164347635e-08, 2.3712411988134305e-05, -6.875412114201005e-11, 11879.148771300679, 2.1516340849093702, 76.2274011299435, 94.96971123666039, 77.22645951035781, 159.87364196777344]"
stored_images\230404_112539_images\image_00162.png,"[0.6630990688666025, 0.40794585451107407, 0.001339604203671498, 0.0011411702459605086, 1.4107595721645942e-06, 0.0007222018472342755, -2.3628245550974438e-08, 1138.251165264417, 5.527131754611995, 82.71034482758621, 121.13448275862069, 29.98448275862069, 79.31748962402344]"
stored_images\230404_112539_images\image_00163.png,"[0.4047092090882355, 0.09541096393745419, 0.023072041667109498, 0.015424496888759211, 0.0002870628392770097, 0.004493844907875763, -4.756970862590686e-05, 5707.709992817108, 2.1856435715625646, 82.03209242618742, 71.79460847240051, 75.58889602053915, 111.6916275024414]"
stored_images\230404_112539_images\image_00164.png,"[0.5665419635777059, 0.2511479598458248, 0.013985998720229358, 0.002727317289989851, 1.5448401308131513e-05, 0.0012867515092123845, -6.713700645577531e-06, 13409.99517395813, 2.457643332561454, 81.17661691542288, 98.62949143173024, 59.8167495854063, 181.54058837890625]"
stored_images\230404_112539_images\image_00165.png,"[0.4802034933578892, 0.20221624127574903, 0.0002998499458980304, 0.00019822822580897934, 4.83232156511727e-08, 8.880048358592803e-05, -6.910366023530884e-10, 5521.924947404885, 4.589867932349354, 71.3135593220339, 99.54802259887006, 57.39512711864407, 159.20083618164062]"
stored_images\230404_112539_images\image_00166.png,"[0.23067800357017235, 0.020767594231670128, 0.0009822459944871659, 2.1591233442088763e-05, 3.046759177142161e-09, 3.092804467806316e-06, 7.771662689980058e-10, 7911.230704709655, 1.708428117808479, 89.50767441860465, 84.3693023255814, 83.93069767441861, 116.25733947753906]"
stored_images\230404_112539_images\image_00167.png,"[0.4034982334965903, 0.11758623160432745, 0.00021761367053434242, 8.643792341251457e-05, 1.1685383803065915e-08, 2.75557928819051e-05, -1.997885476114123e-09, 3394.2527376729995, 3.2300220738082817, 52.520833333333336, 110.04113247863248, 50.6159188034188, 104.706787109375]"
stored_images\230404_112539_images\image_00168.png,"[0.27300027350267975, 0.04200513669969311, 0.0003989922745786489, 6.809125609606181e-06, 2.618955543408035e-10, 1.1546082121324311e-06, 2.395254094412203e-10, 3782.1803235754487, 2.113067646044184, 32.2969696969697, 131.76060606060605, 60.31969696969697, 89.39800262451172]"
stored_images\230404_112539_images\image_00169.png,"[0.16307589981714316, 3.946762077181056e-06, 1.1686099041550616e-07, 7.10236042806918e-10, -1.1652778034421046e-18, -6.770107080490837e-13, -6.364722384471584e-18, 7498.819737911574, 1.0133498438129558, 34.713134765625, 59.93994140625, 171.413818359375, 87.17182922363281]"
stored_images\230404_112539_images\image_00170.png,"[0.16322796463417777, 0.0001321155379625307, 1.2535911249503427e-06, 1.2385184715218369e-08, 1.4130368575798796e-15, -2.5558815659168347e-11, -6.204006454372572e-16, 8014.9947109349305, 1.0771956858474296, 38.7858455882353, 54.810202205882355, 161.73483455882354, 92.91780090332031]"
stored_images\230404_112539_images\image_00171.png,"[0.2592977335633841, 0.03951834359405737, 0.0003058341623384605, 0.00011848565132110544, 2.2550693486513023e-08, 2.3386797167349776e-05, -4.37552790519152e-10, 11310.190921769943, 2.2322703788791634, 72.29921773142112, 95.96414602346806, 80.88412646675359, 158.89431762695312]"
stored_images\230404_112539_images\image_00172.png,"[0.4288519512165287, 0.10507061758315113, 0.025724898022672728, 0.016848686392178115, 0.00034360300669872, 0.00488199310033123, -7.055867229945635e-05, 5691.524955277448, 2.139774869417428, 88.38510911424903, 68.14249037227215, 76.01636713735559, 110.35661315917969]"
stored_images\230404_112539_images\image_00173.png,"[0.47119468202773396, 0.194040557164772, 0.00014830972718048012, 7.81472551920132e-05, 8.403071667027471e-09, 3.406294518730669e-05, -4.1040167618023977e-10, 5691.449098474346, 4.369714231475063, 69.97115384615384, 94.53713527851458, 59.81100795755968, 157.7022705078125]"
stored_images\230404_112539_images\image_00174.png,"[0.17817114163044884, 0.004662825457496683, 1.6307377470052678e-06, 8.810348436350119e-08, -5.442639695586457e-16, -4.953795683902644e-09, -3.339058308778598e-14, 14502.373348523397, 1.4774193722270756, 27.70758258258258, 74.93155655655656, 115.42955455455456, 146.37652587890625]"
stored_images\230404_112539_images\image_00175.png,"[0.23185662635305565, 0.019731141241439418, 0.0011680737713356912, 3.683171927375599e-06, -2.593647551032244e-11, 1.5059333934371214e-07, -2.401876692854982e-10, 8146.815914731647, 1.6608732538251438, 92.28152951699464, 87.48926654740609, 79.26050983899822, 116.32209014892578]"
stored_images\230404_112539_images\image_00176.png,"[0.34405108092263786, 0.08961081660423786, 2.7692670906739877e-05, 1.8245320752408543e-06, 1.0932581852125688e-11, -2.1709528740343963e-07, 6.976824699134254e-12, 3253.374645438307, 3.3455445789816363, 47.71328671328671, 104.2465034965035, 57.48659673659674, 104.32789611816406]"
stored_images\230404_112539_images\image_00177.png,"[0.30319703831443867, 0.049499505681528964, 0.0021052296158118196, 0.0010048780914644084, 1.4602428817043363e-06, 0.00022336861863609883, -6.228467863104709e-08, 3664.0605354063446, 2.1187397513201054, 41.31565656565657, 121.32626262626263, 59.86313131313131, 88.10897064208984]"
stored_images\230404_112539_images\image_00178.png,"[0.16284833637754742, 1.550865517891304e-07, 5.1943382929120565e-08, 1.144631371192768e-09, 6.183348785713742e-18, -1.0166385649779757e-13, 6.297964073718546e-18, 7439.9996410163585, 1.0064517319812798, 31.554939516129032, 61.447076612903224, 171.38256048387098, 86.53323364257812]"
stored_images\230404_112539_images\image_00179.png,"[0.16362390642470914, 0.0002445015500513399, 1.1662594604422576e-06, 2.4177054176455822e-08, -3.254970594724616e-15, 3.704676359538427e-10, -2.426312561283935e-15, 8120.0422021485865, 1.0928074114512416, 44.5796875, 47.83660714285714, 162.34665178571427, 94.20001220703125]"
stored_images\230404_112539_images\image_00180.png,"[0.26116764823747274, 0.040607627276032066, 0.0003731488109325965, 0.00014445383902560524, 3.353045875885223e-08, 2.8925557703171315e-05, 7.020292100259432e-10, 11096.198711954523, 2.334862141641976, 72.23733333333334, 86.332, 83.31266666666667, 160.9599151611328]"
stored_images\230404_112539_images\image_00181.png,"[0.26926925111520633, 0.034952530110401156, 0.004128446068581814, 0.0009293708529350361, 1.8060144727655716e-06, 0.00016565821468720988, 2.2873850510249186e-07, 7854.810414887324, 1.9737403422459505, 83.031190926276, 85.0484404536862, 77.79206049149339, 124.5124740600586]"
stored_images\230404_112539_images\image_00182.png,"[0.4867387904749334, 0.20842740023245646, 0.0002370874957808162, 0.00011207151725457124, 1.814417396562006e-08, 4.970294812453048e-05, -2.1256298681590867e-09, 5962.501110978308, 4.245282429262268, 66.46382007822686, 101.61603650586702, 54.249022164276404, 159.09902954101562]"
stored_images\230404_112539_images\image_00183.png,"[0.1806042160056136, 0.00554174174735117, 2.6349058241533726e-06, 1.6948417379029387e-07, -3.2555022350630625e-14, -1.1099040198975075e-08, -1.0848032733846617e-13, 14092.123243440874, 1.5341796504961458, 37.627272727272725, 44.96948051948052, 141.86441558441558, 147.03689575195312]"
stored_images\230404_112539_images\image_00184.png,"[0.33076704070551965, 0.053836557099127214, 0.00591461342858558, 0.0020781753168616496, 5.3470874286649485e-06, 0.000353224606893507, -4.949120050382389e-06, 1559.2640795934421, 1.8664595629784868, 80.88947368421053, 94.6921052631579, 39.96052631578947, 53.947227478027344]"
stored_images\230404_112539_images\image_00185.png,"[0.34574677874177634, 0.0909949449976347, 7.604835299518776e-05, 5.525289508648797e-06, -9.251178583114313e-11, -1.061091673021865e-06, -6.534103359955961e-11, 3388.156251327542, 3.219206748828175, 45.84134615384615, 101.38782051282051, 58.54754273504273, 104.43742370605469]"
stored_images\230404_112539_images\image_00186.png,"[0.2577819393885925, 0.037947046106099, 0.0005577547611588375, 0.00011985874374275955, 3.0383405972272315e-08, 2.26217689470111e-05, -6.103220738024005e-09, 3605.4739021766, 2.1882119965581706, 47.715656565656566, 116.77828282828283, 51.170707070707074, 88.82308959960938]"
stored_images\230404_112539_images\image_00187.png,"[0.16280339123359017, 1.2463107330214865e-05, 5.120999817880896e-08, 2.978697258761396e-10, -1.076584209511859e-18, -1.0358231729686518e-12, -4.408972560746807e-19, 7528.500613783835, 1.0232048924234483, 34.49193548387097, 57.45287298387097, 174.33467741935485, 87.76786804199219]"
stored_images\230404_112539_images\image_00188.png,"[0.16412436692808535, 0.0003895836741320075, 6.033360013875289e-07, 1.0290745554181984e-08, -2.451493957710721e-16, -1.9776183939862568e-10, -7.729216230402269e-16, 8305.441950378532, 1.1282051122450079, 51.32616487455197, 44.191756272401435, 176.94422043010752, 96.80001068115234]"
stored_images\230404_112539_images\image_00189.png,"[0.3757136461747649, 0.07934959177632388, 0.004741980108457294, 0.005392071203428084, 2.7257133223874132e-05, 0.0014990782600894847, 6.749674464133986e-07, 10764.553406366147, 2.3305319575518824, 66.77101694915254, 92.58372881355932, 71.84169491525424, 158.38919067382812]"
stored_images\230404_112539_images\image_00190.png,"[0.27098531625729244, 0.03347784066982419, 0.0017524379678474508, 8.404293551256773e-05, 2.634601639800498e-08, 1.038587943433833e-05, 1.8605320378425803e-08, 8164.696409759112, 1.9634504798984975, 90.86170212765957, 87.41688829787235, 78.42198581560284, 126.61349487304688]"
stored_images\230404_112539_images\image_00191.png,"[0.47083786451863685, 0.1931336316547031, 0.00016777623639067994, 7.485635850370913e-05, 8.379911710962072e-09, 3.280780692542748e-05, -3.895851389233847e-10, 6323.166060118761, 4.0378264519684555, 63.6019975786925, 101.81537530266344, 56.70006053268765, 159.78688049316406]"
stored_images\230404_112539_images\image_00192.png,"[0.18298836521483286, 0.006423673519524257, 2.46655642395186e-06, 6.51742466392107e-08, -1.1399850564602867e-14, -5.198195910329133e-09, -2.3513478245342842e-14, 13687.635880940128, 1.5831353301419797, 33.05748663101604, 51.60187165775401, 148.6383689839572, 147.20523071289062]"
stored_images\230404_112539_images\image_00193.png,"[0.342818104215196, 0.0895571472416795, 0.00015782341403961918, 4.009881937449441e-05, 2.834696944115321e-09, 9.582980023659109e-06, -1.462955119439291e-09, 3357.40534204687, 3.369791570990874, 50.80128205128205, 93.95920745920746, 64.78205128205128, 106.36614227294922]"
stored_images\230404_112539_images\image_00194.png,"[0.24873430769385818, 0.033715193923220824, 0.0004520582517301938, 9.222355859073148e-05, 1.8374781714936336e-08, 1.6369206789663462e-05, -4.117296123585327e-09, 3718.6614918766136, 2.164809774942864, 51.81969696969697, 120.15656565656566, 49.86767676767677, 89.7228775024414]"
stored_images\230404_112539_images\image_00195.png,"[0.16273410430861612, 1.2875788279960939e-05, 7.176895769398718e-07, 1.3686513504396418e-08, 1.3031106287622239e-15, 4.200464078029812e-12, 3.7668458778378295e-16, 7816.321550105, 1.0185975260316418, 36.72537878787879, 61.25757575757576, 197.5423768939394, 89.22827911376953]"
stored_images\230404_112539_images\image_00196.png,"[0.1641764254136267, 0.00047677856626803276, 2.1866998656574462e-06, 9.244566663429639e-08, -3.0897895227055165e-14, -2.014207239544342e-09, -2.7801844900725523e-14, 8620.185447800788, 1.1431722187576383, 63.585726351351354, 43.540751689189186, 177.30257601351352, 99.26911163330078]"
stored_images\230404_112539_images\image_00197.png,"[0.26882347241248855, 0.04484518012958059, 0.00022046971558256862, 6.918203195191219e-05, 8.502391546983369e-09, 1.3400702448025928e-05, -8.428228108239307e-10, 10480.753634688444, 2.3947819648763478, 69.23940677966101, 87.67178672316385, 77.4385593220339, 158.42701721191406]"
stored_images\230404_112539_images\image_00198.png,"[0.23993402556212373, 0.020803676038342173, 0.0022062776700008885, 7.997059904190935e-05, -5.370626804304399e-09, -7.566800197470504e-07, 3.315909456277524e-08, 7702.319458218059, 1.7488961745316889, 94.20978682170542, 94.57873062015504, 80.14777131782945, 116.06272888183594]"
stored_images\230404_112539_images\image_00199.png,"[0.4770172480296082, 0.19847079868248607, 0.0002596824409281472, 0.00010651457410574446, 1.7594048305994924e-08, 4.6260382908233686e-05, -2.0643565451244186e-09, 6804.094195508282, 3.9050405153607626, 66.38743169398907, 105.65382513661203, 54.77131147540984, 163.00387573242188]"
stored_images\230404_112539_images\image_00200.png,"[0.18497506585551576, 0.007192264267370817, 1.921442073544826e-06, 3.448397716423639e-08, -5.3199939995919656e-15, -2.9082668027992757e-09, -7.105572401654137e-15, 13474.05253037985, 1.6154777489835968, 31.173128342245988, 56.672994652406416, 155.00360962566845, 147.5365447998047]"
stored_images\230404_112539_images\image_00201.png,"[0.3430628195950974, 0.08961084115662966, 0.0001707540382485233, 4.365383980691615e-05, 3.331816028592064e-09, 1.0225471154761594e-05, -1.7617908456996268e-09, 3609.16224750501, 3.119138020072568, 45.933226495726494, 100.66452991452991, 63.074786324786324, 106.10124969482422]"
stored_images\230404_112539_images\image_00202.png,"[0.24705147428143245, 0.03230196206039575, 0.0007149618516825276, 0.00020583233315650426, 7.894873937904143e-08, 3.699253654153867e-05, -1.3830494397147684e-09, 3869.4927886691876, 2.1647267045293574, 56.42254901960784, 126.98235294117647, 48.6578431372549, 91.52264404296875]"
stored_images\230404_112539_images\image_00203.png,"[0.16237473366175031, 1.99669469249583e-05, 2.3573363335623384e-07, 2.320318038811039e-09, 4.277435693030456e-17, 5.066186479573748e-12, 3.339476954834197e-17, 8159.055462574819, 1.0043373806862679, 45.65151515151515, 47.02846648301194, 180.65610651974288, 90.5231704711914]"
stored_images\230404_112539_images\image_00204.png,"[0.3832573763587717, 0.10335303053151118, 5.4508295494139825e-05, 1.0219951484082575e-05, 1.9174308121942327e-10, 1.8973118392961764e-06, -1.4635344754025968e-10, 3811.900373422075, 3.1401908861143117, 66.35572916666666, 114.98072916666666, 54.05260416666667, 109.40792846679688]"
stored_images\230404_112539_images\image_00205.png,"[0.16433498999366564, 0.0005391426693425947, 1.3321005189687206e-06, 7.633545977207582e-08, -8.887322511215011e-15, -1.1223615989013405e-09, 2.266171178830526e-14, 8824.167545059929, 1.1280132833760437, 67.05364455364456, 43.584766584766584, 167.26576576576576, 99.76862335205078]"
stored_images\230404_112539_images\image_00206.png,"[0.26684681502131824, 0.04398015720773938, 0.00019548044360107795, 6.707281570726262e-05, 7.675726892006075e-09, 1.3406601022320703e-05, -2.615332678058872e-10, 10615.38578234613, 2.39583342884782, 69.34286723163842, 85.04890536723164, 77.65324858757062, 159.476318359375]"
stored_images\230404_112539_images\image_00207.png,"[0.241296878962435, 0.019022388071788982, 0.0020270785585592014, 1.6570792156697225e-05, -6.809547509974041e-10, 3.830207472778058e-08, 2.959712677178973e-09, 7787.313939339365, 1.5015106530731372, 96.24467592592593, 94.92314814814814, 76.54583333333333, 108.13294982910156]"
stored_images\230404_112539_images\image_00208.png,"[0.47321363472078204, 0.19436576844541317, 0.0006418710020190049, 0.0003063274738820634, 1.34483972418622e-07, 0.00012824071291899845, -1.9090663990383484e-08, 6882.854319267673, 3.7074246791536147, 70.32335805084746, 98.66949152542372, 52.97060381355932, 159.74249267578125]"
stored_images\230404_112539_images\image_00209.png,"[0.1878630874835088, 0.008182756185785732, 1.7477127486565995e-06, 7.236280723809364e-08, -2.5428602463017908e-14, -5.289899898159648e-09, 3.9531626924472596e-15, 13147.241056124214, 1.6764674588548425, 29.08388429752066, 66.27906336088154, 169.86694214876033, 148.46185302734375]"
stored_images\230404_112539_images\image_00210.png,"[0.19465352833390462, 0.011029995823990196, 8.410284696858749e-07, 1.9629595628081294e-08, -1.8529889174037783e-15, -2.033603748312426e-09, -1.711056883493271e-15, 13713.924029655755, 1.81123908392663, 39.633620689655174, 47.74339978448276, 155.97629310344828, 157.60455322265625]"
stored_images\230404_112539_images\image_00211.png,"[0.3429025500921788, 0.0897083189219922, 0.00017964821529888172, 3.9035414329640416e-05, 2.428068802273932e-09, 6.657866987699597e-06, -2.188627675660997e-09, 3650.313554853201, 3.1927709755969884, 48.1484375, 93.7484375, 65.7953125, 107.95654296875]"
stored_images\230404_112539_images\image_00212.png,"[0.24669308513202803, 0.03276432679137762, 0.0005492180211982877, 0.00012391939990275637, 3.219763503801007e-08, 2.2293453072054488e-05, -2.9024017671421353e-09, 3811.623438297829, 2.134301365436181, 59.89343434343434, 126.77626262626262, 47.435353535353535, 90.19508361816406]"
stored_images\230404_112539_images\image_00213.png,"[0.1622580679375893, 3.033417323440532e-05, 4.037332600131431e-07, 2.2924244315119082e-09, -6.335379573357283e-17, 5.7881003995332865e-12, -2.915716551018307e-17, 8394.281700958614, 1.0158639874266475, 49.59313725490196, 45.06885026737968, 177.02696078431373, 92.34418487548828]"
stored_images\230404_112539_images\image_00214.png,"[0.3218549446998117, 0.07590848027327242, 0.00011112641534941094, 2.184289853797707e-05, 1.0026628555164594e-09, 5.320186864549932e-06, -3.908614361745323e-10, 4037.938420524588, 3.0222221665623565, 63.854596622889304, 105.88883677298311, 56.660881801125704, 110.46966552734375]"
stored_images\230404_112539_images\image_00215.png,"[0.3660813587138705, 0.074331051219111, 0.0040029130535079145, 0.004368967615205045, 1.827063801082586e-05, 0.0011776909302866512, 6.326526138766006e-08, 11786.610876307474, 2.1437622885853993, 70.22457627118644, 85.72708725674828, 74.32297551789077, 158.95814514160156]"
stored_images\230404_112539_images\image_00216.png,"[0.4688488926413815, 0.1906450885295343, 0.00041038835494441346, 0.00020077234470200657, 5.745106050981846e-08, 8.644496684297874e-05, -4.545867303959957e-09, 6922.8285756642, 3.8533089473435056, 72.59508196721312, 108.59043715846994, 53.443715846994536, 163.3272705078125]"
stored_images\230404_112539_images\image_00217.png,"[0.19156919014398346, 0.009534975690509463, 5.7372759965492695e-08, 3.1925813032966383e-09, -4.2226899473928256e-17, -2.945325103082699e-10, 9.156116077232593e-18, 12763.686134752817, 1.724838290944683, 28.095028409090908, 62.93565340909091, 166.25269886363637, 148.37551879882812]"
stored_images\230404_112539_images\image_00218.png,"[0.19473666721669025, 0.01102908713336748, 1.094638345908311e-06, 4.171087398885167e-08, -8.790937731584465e-15, -3.692797351693507e-09, 1.4682050393658927e-15, 13559.26324574661, 1.818991592198056, 35.70932112068966, 52.481007543103445, 161.1285021551724, 157.04835510253906]"
stored_images\230404_112539_images\image_00219.png,"[0.3376826003452021, 0.08615192530179036, 0.00022442453740467524, 3.791999646696934e-05, 1.704294205021961e-09, 2.718077831514504e-06, -3.0548957619470665e-09, 3677.9287415250146, 3.1431372092019605, 50.770833333333336, 93.0078125, 66.7609375, 107.5185317993164]"
stored_images\230404_112539_images\image_00220.png,"[0.1619321360070862, 5.7222352211123435e-05, 5.664858290930623e-07, 4.738379203183819e-09, -1.765078124698338e-17, -1.985929198507128e-11, 2.448577131246002e-16, 8737.450956883491, 1.001754494314007, 54.26903114186851, 43.993728373702425, 168.9243079584775, 93.5562973022461]"
stored_images\230404_112539_images\image_00221.png,"[0.32119718556712146, 0.07500664463650605, 0.00012678800084585273, 2.6858406550134587e-05, 1.5288215602416695e-09, 7.054006759774254e-06, -3.452775753020225e-10, 3956.929628214886, 3.002732305612602, 58.770192307692305, 105.5173076923077, 59.24230769230769, 109.00275421142578]"
stored_images\230404_112539_images\image_00222.png,"[0.2525461649282642, 0.03553464902346175, 0.0003823187369524064, 0.00013398329314405185, 3.026431750555556e-08, 2.5248501531885594e-05, -1.9041264731116677e-09, 11980.128001282457, 2.1214389719783866, 68.69688256658596, 94.84851694915254, 72.40617433414043, 159.42117309570312]"
stored_images\230404_112539_images\image_00223.png,"[0.46253016264089886, 0.18462179197679338, 0.0007178070991519033, 0.00037325359797464857, 1.9316541073153482e-07, 0.00016015551244437788, -3.71994123021402e-09, 6837.896248538105, 3.8033541957315617, 81.91388888888889, 113.93555555555555, 54.75888888888889, 161.2666778564453]"
stored_images\230404_112539_images\image_00224.png,"[0.19253322004924173, 0.009906065193830452, 2.3489064024875566e-07, 2.9252780199326592e-08, 2.0403048904565343e-15, 2.0262600848009153e-09, 1.3103504319379135e-15, 12475.075276067248, 1.7509577640190577, 22.59956011730205, 91.0183284457478, 158.44442815249266, 147.79489135742188]"
stored_images\230404_112539_images\image_00225.png,"[0.1946429597044594, 0.011004707935048787, 2.022600788198217e-06, 4.598695194608254e-08, -7.467669073206499e-15, -6.433432236250788e-10, 1.1871744031727101e-14, 13222.238628489431, 1.8098148721392764, 26.075127334465193, 73.07003395585738, 167.61332767402376, 154.69261169433594]"
stored_images\230404_112539_images\image_00226.png,"[0.34940999514356647, 0.09379100379995528, 0.00021733202731254826, 3.563669556919154e-05, 1.5203696057512806e-09, 3.18851629220069e-06, -2.7430675286970976e-09, 3790.441233762045, 3.202644942533719, 43.35213414634146, 108.51117886178862, 58.079268292682926, 110.17911529541016]"
stored_images\230404_112539_images\image_00227.png,"[0.1621315957278019, 0.00010051256170114658, 4.009875061464488e-07, 9.367439271218893e-10, 1.7101236116939296e-17, -7.591220675633453e-12, -6.09528524945891e-18, 8887.094281946425, 1.0076776050909009, 40.574159663865544, 57.824159663865544, 135.07247899159663, 94.63258361816406]"
stored_images\230404_112539_images\image_00228.png,"[0.5408762541582615, 0.2649545769072964, 7.278076116912231e-05, 4.2703157532452734e-05, 2.3697579006945786e-09, 2.1113311205508963e-05, -2.2762498984034187e-10, 5465.856029985356, 5.475044677125819, 85.4403409090909, 102.99573863636364, 42.77947443181818, 172.9907684326172]"
stored_images\230404_112539_images\image_00229.png,"[0.346395797518834, 0.0915327461791075, 0.00038216100480343847, 0.00011583726317011077, 2.3354607131855564e-08, 3.211089984288863e-05, -6.969137431277533e-09, 3770.2903920112585, 3.063056447173379, 42.19375, 117.13653846153846, 57.995673076923076, 107.46446990966797]"
stored_images\230404_112539_images\image_00230.png,"[0.34225385310095696, 0.06525509924613727, 0.0011314049403251252, 0.0007304042512960228, 6.44678617736008e-07, 0.00017984413321632861, -1.5892401005925296e-07, 11908.32159336796, 2.1130100963865166, 70.36062348668281, 86.71141041162228, 65.7916162227603, 158.62661743164062]"
stored_images\230404_112539_images\image_00231.png,"[0.46613601374917146, 0.18886417621719115, 0.00014054370242890934, 4.76303342569002e-05, 3.5698218927403227e-09, 1.605068549355873e-05, -1.5630201328306822e-09, 6217.224291508086, 4.296980727295483, 84.35158079625293, 113.48009367681499, 55.91188524590164, 163.44813537597656]"
stored_images\230404_112539_images\image_00232.png,"[0.19239219125057383, 0.009881711406553669, 3.2215082501649937e-08, 1.6554586779339687e-09, -9.730954757607219e-18, -1.4086669197515271e-10, 7.17382206863634e-18, 12632.63349673478, 1.7413300537177387, 23.28240469208211, 87.46788856304985, 164.73812316715544, 148.31582641601562]"
stored_images\230404_112539_images\image_00233.png,"[0.1927891968560415, 0.010168801125905198, 2.84062594572011e-07, 6.877771800435921e-10, 2.2732577328979527e-18, 4.3452428151261674e-11, -9.340795638580448e-18, 12935.566415379988, 1.7792084930010748, 25.705357142857142, 73.17569124423963, 169.01800115207374, 151.70718383789062]"
stored_images\230404_112539_images\image_00234.png,"[0.351103286147839, 0.09395751227144955, 0.00018211463064446125, 1.786987616650318e-05, 3.7309728411431527e-10, 2.1740896108022277e-06, -9.486954889105293e-10, 3944.1988181573106, 3.0549762560209275, 54.07548076923077, 108.09759615384615, 52.38798076923077, 109.76991271972656]"
stored_images\230404_112539_images\image_00235.png,"[0.5409066204341764, 0.2651406675581207, 1.2019834265685615e-05, 6.571330824972376e-06, 5.828335207407064e-11, 3.339520572406973e-06, -3.724017834802636e-12, 5284.031739270431, 5.631445037467555, 72.2666903409091, 111.13352272727273, 43.87606534090909, 172.50140380859375]"
stored_images\230404_112539_images\image_00236.png,"[0.3451952778393462, 0.08639193478456686, 0.0013324151351866897, 0.0009232232074821913, 1.0227151894191681e-06, 0.00026141158138381947, -5.0324393221596356e-08, 3624.5971421236172, 3.0647178210359125, 42.13461538461539, 107.69818376068376, 62.74519230769231, 105.396240234375]"
stored_images\230404_112539_images\image_00237.png,"[0.2499881037340445, 0.03434126957020059, 0.0002544212739720236, 7.792121184112265e-05, 1.0962786072071671e-08, 1.4382003139345577e-05, -4.335285925088888e-10, 11724.372363131493, 2.0774192971808754, 79.81650246305419, 88.2481527093596, 66.9379618226601, 156.06549072265625]"
stored_images\230404_112539_images\image_00238.png,"[0.1910309385395781, 0.009364043391656189, 3.760926993049298e-07, 3.3122051601141237e-09, 5.4723689862806956e-17, 2.3328993175530205e-10, -1.0330285866133557e-16, 12785.822553547332, 1.7319433233970798, 23.275366568914954, 85.33621700879766, 179.58445747800587, 148.80967712402344]"
stored_images\230404_112539_images\image_00239.png,"[0.1912402431702062, 0.009543285830257289, 1.483146505936292e-07, 7.991778747529198e-09, 2.4108136305911366e-16, 6.395580484033731e-10, -1.3260092840384717e-16, 12825.5978026269, 1.7395832315221877, 26.18489736070381, 67.57316715542522, 167.8326979472141, 149.36932373046875]"
stored_images\230404_112539_images\image_00240.png,"[0.3431957373558409, 0.08876809419669107, 0.0003536169244483843, 6.902622302807409e-05, 8.559204663728828e-09, 1.344989603084433e-05, -6.560400370659473e-09, 4209.218328729767, 2.867896358569914, 64.71339285714286, 97.57142857142857, 51.37589285714286, 109.87084197998047]"
stored_images\230404_112539_images\image_00241.png,"[0.5541239722625336, 0.2794392318540155, 0.00013653041732031933, 9.340649643476174e-05, 1.0545488414364274e-08, 4.916390548152099e-05, -2.412681575220618e-10, 5384.1752436487, 5.52316453815583, 76.18785511363636, 89.23508522727273, 49.953125, 172.44618225097656]"
stored_images\230404_112539_images\image_00242.png,"[0.3532088498151986, 0.09249438212218582, 0.0014602994957254702, 0.0009764367726288303, 1.1641380256000352e-06, 0.0002744567872511327, -6.532479107057752e-08, 3581.1888931657886, 3.319835063213689, 39.87552083333333, 106.69479166666666, 64.91614583333333, 109.03649139404297]"
stored_images\230404_112539_images\image_00243.png,"[0.32087341553539794, 0.05566462069320689, 0.0018893712120744174, 0.0012399680780203546, 1.8087337933507206e-06, 0.0002824972859714728, -5.749124806825696e-07, 11804.586644714698, 2.04645479449743, 83.51585591133005, 89.25538793103448, 65.67733990147784, 155.427001953125]"
stored_images\230404_112539_images\image_00244.png,"[0.18852464450924203, 0.008419432689559038, 1.3193586461522884e-07, 4.742676659559832e-10, 3.365163832318725e-18, 1.889712537837566e-12, 1.6583686947439367e-18, 13157.433487591334, 1.6908987121716643, 28.930027548209367, 66.31831955922866, 163.36735537190083, 149.15725708007812]"
stored_images\230404_112539_images\image_00245.png,"[0.1903029195525775, 0.009238712791636971, 1.3924619734710468e-07, 6.818340199007201e-09, 1.2753178733261574e-16, 4.268475912490066e-10, 1.6695605239415427e-16, 12920.399297038093, 1.7164947506242012, 26.98494318181818, 72.96264204545454, 164.0356534090909, 148.922119140625]"
stored_images\230404_112539_images\image_00246.png,"[0.3468744501478347, 0.09173406331278705, 0.00033362387553585086, 9.369468592125578e-05, 1.5822695543640116e-08, 2.535723139505783e-05, -4.904448251062204e-09, 3922.310277593322, 3.0840590698307264, 68.01826923076923, 100.20336538461538, 50.82932692307692, 109.98471069335938]"
stored_images\230404_112539_images\image_00247.png,"[0.5638438487967938, 0.2905524637969673, 5.2875797511785646e-05, 3.182754305934842e-05, 1.2993097704033328e-09, 1.6301617455542477e-05, -1.2870898765828784e-10, 5158.144446339633, 5.821765307237934, 66.734375, 87.96328125, 54.273046875, 173.2902374267578]"
stored_images\230404_112539_images\image_00248.png,"[0.35052308399934795, 0.08885946468364242, 0.001612350878138219, 0.0010529488505141955, 1.369588334341564e-06, 0.00029289716849214127, -8.059444674084324e-08, 3830.5393874056754, 3.066508322512202, 40.707211538461536, 104.7875, 64.10240384615385, 108.38072204589844]"
stored_images\230404_112539_images\image_00249.png,"[0.24324239639638792, 0.03035522641699619, 0.00048030181004056835, 0.00012781283906327176, 3.16070781973411e-08, 2.225620318941531e-05, -1.9612521276053392e-09, 11565.630180977518, 2.085999785649632, 88.18438697318008, 93.89543422733078, 67.65245849297574, 155.3251495361328]"
stored_images\230404_112539_images\image_00250.png,"[0.18569106621606316, 0.007444072842561416, 5.048673621323428e-07, 5.2821161772781646e-09, -2.4589752429937853e-16, -1.7642441459962015e-10, -1.1806455866488354e-16, 13467.07288344903, 1.650366558599123, 31.889669421487604, 59.049724517906334, 157.4874655647383, 149.08255004882812]"
stored_images\230404_112539_images\image_00251.png,"[0.39940224768248056, 0.13138743095400804, 0.00017763436624799743, 6.535830599798378e-05, 6.91625442120395e-09, 2.261273602529975e-05, -1.326442366428553e-09, 6035.7059437698335, 3.45057515569295, 86.81666666666666, 112.60432098765432, 44.866975308641976, 144.31443786621094]"
stored_images\230404_112539_images\image_00252.png,"[0.18954129377761472, 0.00896891919615621, 4.489906053692446e-07, 4.8215408314292776e-08, -2.4765517173480256e-15, -3.085532582008383e-09, -6.647779197778706e-15, 12932.505470439792, 1.7008546844026833, 25.708806818181817, 81.85767045454546, 162.33394886363635, 148.31153869628906]"
stored_images\230404_112539_images\image_00253.png,"[0.578909035025535, 0.307359708465288, 5.066843337793148e-05, 2.761783760997979e-05, 1.0307817916972827e-09, 1.5105030884099304e-05, 6.955577664882037e-11, 5292.326408147463, 5.633841796504043, 54.51029829545455, 102.41264204545455, 53.51988636363637, 172.67347717285156]"
stored_images\230404_112539_images\image_00254.png,"[0.3372726174828797, 0.0863453205305939, 0.00015804882847998767, 5.9827155718304626e-05, 5.816632205456393e-09, 1.754231381930697e-05, 1.0560872322743882e-10, 3704.0055907787173, 3.1525680299628536, 39.64635416666667, 116.93958333333333, 65.30208333333333, 108.0607681274414]"
stored_images\230404_112539_images\image_00255.png,"[0.1832318216965637, 0.006628353708740977, 2.7834459650718764e-07, 8.588632519101568e-09, 3.9045620094806056e-16, -3.8722813355654675e-10, 1.545496295465025e-16, 13964.894416811294, 1.6166174814481116, 35.02783613445378, 57.658088235294116, 151.3562237394958, 150.2527618408203]"
stored_images\230404_112539_images\image_00256.png,"[0.3846147969304559, 0.119538622662235, 0.00011151670843651394, 2.258531768413688e-05, 1.1148166097677584e-09, 7.565405194743856e-06, -2.047772214831907e-10, 5919.383879058296, 3.2206120452202054, 88.52320261437909, 110.04117647058824, 54.43235294117647, 138.0725860595703]"
stored_images\230404_112539_images\image_00257.png,"[0.18850904982431976, 0.008579513411746575, 6.204637929340372e-07, 3.3535753210662256e-08, 3.6430657604405104e-15, 2.4440032607562063e-09, 3.182672951479652e-15, 13080.799466460943, 1.685279275734214, 25.97465564738292, 78.98636363636363, 171.7414600550964, 148.47491455078125]"
stored_images\230404_112539_images\image_00258.png,"[0.5840904132394876, 0.3132231573688464, 8.35951973520473e-05, 4.6912507001949166e-05, 2.918200288888417e-09, 2.506079183355188e-05, -3.3886808740673115e-10, 5179.621797303553, 5.785714303927706, 55.61796875, 89.39921875, 56.695703125, 173.1121368408203]"
stored_images\230404_112539_images\image_00259.png,"[0.3349791572697879, 0.084155671756493, 0.0003809415893698907, 0.00013707536262051848, 3.118646731434141e-08, 3.922722762352558e-05, -2.925226220400971e-09, 4071.565021940478, 2.996349995213838, 42.29502814258912, 111.15525328330206, 62.30440900562852, 110.4528579711914]"
stored_images\230404_112539_images\image_00260.png,"[0.18140738223085054, 0.005917709387262514, 1.0124512780097262e-06, 1.9258158663213566e-08, -2.193197725947896e-15, -1.2930437406417658e-09, 1.556026227139236e-15, 14428.61407987075, 1.581818080148519, 43.68533163265306, 46.28877551020408, 154.5172193877551, 151.0742950439453]"
stored_images\230404_112539_images\image_00261.png,"[0.4076609558950436, 0.13757609186048597, 6.447567749061163e-05, 1.1938844322193747e-05, 3.2585201005303585e-10, 4.3562111878855305e-06, 5.94954226955791e-11, 5863.393811577698, 3.6015295532676586, 87.43919753086419, 98.31419753086419, 62.223765432098766, 145.31753540039062]"
stored_images\230404_112539_images\image_00262.png,"[0.18814466657411535, 0.00851007194143674, 2.8874532822580584e-07, 1.0483751739840299e-08, 4.930804164163079e-16, 8.473450655047509e-10, -2.993011256388421e-16, 13439.999493897893, 1.6799999590563721, 31.88284632034632, 57.032467532467535, 174.3000541125541, 150.26376342773438]"
stored_images\230404_112539_images\image_00263.png,"[0.5787244518586155, 0.30719239123030384, 4.63261086262657e-05, 2.3524667762027982e-05, 7.732911130252873e-10, 1.2716472386971045e-05, -7.162792428901249e-11, 5112.305687734042, 5.85695174374787, 58.107421875, 80.5078125, 57.7375, 173.03909301757812]"
stored_images\230404_112539_images\image_00264.png,"[0.3239888482409975, 0.07675560840887871, 0.0002738475684240724, 6.864059303427186e-05, 8.536138151089701e-09, 1.601793885906435e-05, -3.961978574497717e-09, 4238.1083156960085, 2.949000780860073, 58.27298311444653, 97.42073170731707, 62.7312382739212, 111.79528045654297]"
stored_images\230404_112539_images\image_00265.png,"[0.41929793852351516, 0.14756180536593402, 0.00014374940560717963, 4.946801261420106e-05, 4.170903692563983e-09, 1.8996483332220346e-05, 6.908188798887689e-11, 5907.018150373595, 3.631927819621699, 63.410493827160494, 103.51697530864197, 66.92962962962963, 146.47137451171875]"
stored_images\230404_112539_images\image_00266.png,"[0.18712367884528014, 0.008240345030525825, 4.6986825577061674e-07, 1.979674134798252e-08, -7.2208921937945865e-16, -3.2487479455410394e-10, -1.7675090506834107e-15, 13844.598924592487, 1.6798029999612583, 30.809542796384903, 60.87785752259436, 160.17876129718235, 152.4998321533203]"
stored_images\230404_112539_images\image_00267.png,"[0.5691876744240345, 0.29617207549769703, 0.00010751411104421484, 6.955316349407477e-05, 6.014310377306397e-09, 3.783236551640436e-05, -6.08529827013629e-11, 5169.5882481788285, 5.7274168301232855, 55.04261363636363, 85.88991477272727, 57.89382102272727, 172.0708770751953]"
stored_images\230404_112539_images\image_00268.png,"[0.3320896514168141, 0.08168841450767361, 0.0002926267340537625, 7.270127923711532e-05, 1.0518625073892857e-08, 2.0551632704235887e-05, -1.342955331985034e-09, 4560.9242968514445, 2.822127781034098, 66.86785714285715, 108.44325396825397, 55.59563492063492, 113.45268249511719]"
stored_images\230404_112539_images\image_00269.png,"[1.0942535384744454, 1.16583646231466, 0.00011369535678035571, 0.00012004946708473533, 1.4024636278262345e-08, 0.00012936609538629105, 1.3497567150459214e-10, 1817.931487878086, 9.396825170452363, 81.81380208333333, 121.13802083333333, 27.080729166666668, 130.7011260986328]"
stored_images\230404_112539_images\image_00270.png,"[0.4305388418430194, 0.15674248632376506, 0.0006580206432485614, 0.00035025814844961197, 1.681503432529121e-07, 0.0001386471240883864, -7.545354457600384e-10, 5774.631758957868, 3.558685654079163, 55.6125786163522, 100.34025157232705, 83.44528301886793, 143.35305786132812]"
stored_images\230404_112539_images\image_00271.png,"[0.1866500324309926, 0.008163850586182776, 3.0476988910873337e-07, 7.477888792851107e-09, 1.508645194893619e-16, 2.1237698302844497e-10, -3.235442248394323e-16, 14035.198805780383, 1.686274309755764, 35.695046439628484, 52.81308049535604, 152.4124097007224, 153.84146118164062]"
stored_images\230404_112539_images\image_00272.png,"[0.5656804732326777, 0.29243645364895754, 7.174529727448132e-05, 5.131135793844215e-05, 3.1132702179629566e-09, 2.7728989463074645e-05, -2.7135956724625508e-12, 5084.188061329303, 5.75884173451212, 57.172265625, 86.363671875, 58.816796875, 171.11117553710938]"
stored_images\230404_112539_images\image_00273.png,"[0.33316510395947163, 0.08285932941577612, 0.00015975334118288495, 2.291478362757123e-05, 5.560813317577488e-10, 1.9156292977163957e-06, -1.2700266214720591e-09, 4272.98547237154, 3.1041010676761043, 69.24060822898032, 106.88461538461539, 59.1891771019678, 115.1684799194336]"
stored_images\230404_112539_images\image_00274.png,"[1.0120160952067256, 0.9861398753460167, 0.00886392493399927, 0.0038691481160830206, 2.1599310985344275e-05, 0.003067497958099863, 6.847554341832761e-06, 3374.270592448418, 6.188535531729038, 67.39988425925925, 100.23726851851852, 41.7806712962963, 144.50534057617188]"
stored_images\230404_112539_images\image_00275.png,"[0.41679369828355095, 0.14605860064183315, 0.0005267506699235616, 0.0002961497859459572, 1.1695806513257353e-07, 0.00011307608994401083, 1.5776646613391928e-09, 5896.951513731154, 3.6282501091235213, 69.2432098765432, 88.78271604938271, 80.17901234567901, 146.27239990234375]"
stored_images\230404_112539_images\image_00276.png,"[0.1867004050483656, 0.008183743904736187, 1.4777679895502512e-07, 6.1034530759781454e-09, -1.5636410528860478e-16, -5.359910489953501e-10, 9.565452154964131e-17, 14393.588295701542, 1.6915655810712087, 39.3881845841785, 47.18230223123732, 145.6755831643002, 156.03749084472656]"
stored_images\230404_112539_images\image_00277.png,"[0.5686644903316994, 0.29559935560790085, 2.9050652424274844e-05, 1.685710845368368e-05, 3.730327295310178e-10, 9.160966492407282e-06, -1.8991935366106045e-12, 5151.327239825187, 5.767817411986839, 64.991015625, 83.402734375, 58.9609375, 172.37144470214844]"
stored_images\230404_112539_images\image_00278.png,"[0.40730376513790834, 0.12148737425771704, 0.00011285361921928274, 0.00012191195411423504, 1.1167973477342106e-08, 3.584802401782778e-05, -8.930735230198902e-09, 4286.990583928127, 3.141141304246812, 75.11985688729875, 110.31618962432916, 55.15384615384615, 116.04328155517578]"
stored_images\230404_112539_images\image_00279.png,"[0.9108441743399536, 0.8000692038457551, 0.0002433163890172842, 7.510557761293976e-05, 8.496646136238387e-09, 3.262274828094159e-05, 5.557896585844719e-09, 1533.062234623394, 8.769046601888668, 57.71075581395349, 115.42005813953489, 33.23837209302326, 115.94608306884766]"
stored_images\230404_112539_images\image_00280.png,"[1.1185839399332063, 1.1741938128384315, 0.03337662958921441, 0.006493424115014362, 2.691093286233224e-05, 4.305248899853873e-05, -9.172822644473746e-05, 5914.458776337211, 4.293193960496709, 59.28161668839635, 95.58898305084746, 46.07235984354629, 159.34841918945312]"
stored_images\230404_112539_images\image_00281.png,"[0.40226392144674433, 0.13438007523291204, 0.0001561723290065128, 7.10969030004986e-05, 7.49020732603652e-09, 2.604443012963005e-05, -1.475333928814665e-10, 5668.569120387314, 3.7434149090118436, 76.31613756613757, 97.00595238095238, 78.6739417989418, 145.67019653320312]"
stored_images\230404_112539_images\image_00282.png,"[0.5510775565377319, 0.2760214568784265, 8.696448955265162e-05, 4.6027231550440997e-05, 2.885409397497468e-09, 2.2533265762091695e-05, 3.927216041884325e-10, 5218.975852294912, 5.6768768371308544, 70.8760653409091, 86.86683238636364, 56.13387784090909, 172.12635803222656]"
stored_images\230404_112539_images\image_00283.png,"[0.44954124872864154, 0.17301140755373223, 0.0008967329793561011, 0.00043919127011331883, 2.747706578454534e-07, 0.0001797320800911343, 2.1632306327075515e-08, 6453.73876634636, 3.73076939303917, 77.47959770114943, 105.13534482758621, 57.50804597701149, 155.16897583007812]"
stored_images\230404_112539_images\image_00284.png,"[1.0266693140560095, 1.0242570248267677, 0.0013584573771967976, 0.0009740976667147902, 1.117531992385966e-06, 0.0008780490152803906, 8.202841432059908e-08, 1958.1549727686506, 8.893019582619466, 48.85918367346939, 114.37959183673469, 37.71530612244898, 131.96177673339844]"
stored_images\230404_112539_images\image_00285.png,"[1.1041364363537836, 1.1686997670562032, 0.01235949505419912, 0.001466101128988218, -6.166043956796146e-06, -0.0015755407781389507, -9.63618803533035e-07, 4335.167838208872, 5.7749482327429424, 58.05847457627119, 86.17966101694915, 54.871610169491525, 158.22569274902344]"
stored_images\230404_112539_images\image_00286.png,"[0.40359647470389837, 0.13532565945307615, 0.0002280921807463758, 9.718114177512533e-05, 1.4185884417731164e-08, 3.300913937220962e-05, -2.8465229717625593e-09, 5585.319934935367, 3.8349092734489085, 77.02579365079364, 95.72486772486772, 79.3396164021164, 146.3529815673828]"
stored_images\230404_112539_images\image_00287.png,"[0.5369744101826447, 0.2602895307116359, 0.00014734628137054128, 8.290630506771063e-05, 9.13746140279495e-09, 4.1319238812488585e-05, 6.873783021012146e-10, 5703.208117742557, 5.180561505312702, 74.4775390625, 96.73209635416667, 50.6162109375, 171.88897705078125]"
stored_images\230404_112539_images\image_00288.png,"[0.44788952039584995, 0.17122716713019498, 0.001222500893474564, 0.0006052345160295975, 5.186982874660029e-07, 0.0002455554798736415, 4.4540830327586174e-08, 6296.771522650204, 3.682141838145035, 73.51023391812865, 100.06111111111112, 61.38742690058479, 152.26820373535156]"
stored_images\230404_112539_images\image_00289.png,"[0.5314630827435765, 0.18829764445943314, 0.04530913945373066, 0.01211450412989342, 0.00023995709556254454, 0.004264091847434754, -0.00015158328222373736, 3147.6925369593664, 2.1913076684148303, 76.00558312655087, 101.39205955334988, 43.09181141439206, 83.05156707763672]"
stored_images\230404_112539_images\image_00290.png,"[0.5164424350276435, 0.2373196687373204, 0.0004525135484267622, 0.00016351415731999684, 3.980540872309999e-08, 4.635441674408647e-05, 1.9845769549583958e-08, 915.2787495370285, 4.761696174539828, 71.6953125, 125.34635416666667, 28.739583333333332, 66.01726531982422]"
stored_images\230404_112539_images\image_00291.png,"[0.6474560500892625, 0.35996872788344625, 0.0025147094078607035, 0.002873681203576571, 7.714047416428652e-06, 0.0017094907320385354, 4.1231456524941844e-07, 5864.575821517501, 4.25200329800892, 56.32791777188329, 88.43335543766578, 53.1631299734748, 157.9119873046875]"
stored_images\230404_112539_images\image_00292.png,"[0.4034645812624179, 0.1335913874502487, 0.00022144042591510876, 8.561200915008274e-05, 1.1645412791873103e-08, 3.056491381841541e-05, -1.82623565531974e-09, 6267.948845776438, 3.39628470628497, 58.912654320987656, 106.59351851851852, 87.54043209876544, 145.90318298339844]"
stored_images\230404_112539_images\image_00293.png,"[0.2923355424623629, 0.03057413710866975, 0.0013189080090023778, 0.0001660339995917077, -7.314947817604106e-08, -2.860785464304927e-05, 2.6190403927481335e-08, 1056.0, 1.8333333333333333, 18.899305555555557, 164.64756944444446, 67.40798611111111, 44.0]"
stored_images\230404_112539_images\image_00294.png,"[0.6283566616748206, 0.3525392932252417, 0.0003493204293995534, 0.0002449367859111129, 7.161429620643713e-08, 0.000142886652492543, 2.137075881459591e-09, 5613.189543956425, 5.276142104195802, 83.7392578125, 99.72233072916667, 49.2666015625, 172.09295654296875]"
stored_images\230404_112539_images\image_00295.png,"[0.45094700381547137, 0.17378753894458537, 0.001442824105664013, 0.0006981794997637589, 6.951223797346028e-07, 0.0002800249330217644, 8.855724702408137e-08, 6429.73711303476, 3.625026890118304, 68.00204678362573, 101.24181286549708, 68.66228070175438, 152.6694793701172]"
stored_images\230404_112539_images\image_00296.png,"[0.26209241820721424, 0.04053658595860555, 0.000380055676790575, 8.293053900332553e-05, 1.4662950299672858e-08, 1.6538024359940853e-05, 1.3280252834684755e-09, 3535.4362684518273, 2.2453103698820813, 64.92586580086581, 96.54112554112554, 50.00757575757576, 89.09630584716797]"
stored_images\230404_112539_images\image_00297.png,"[0.446269325551457, 0.1717578498499948, 6.881240766091448e-05, 2.7030398763927827e-05, 1.1209842473429858e-09, 9.447304143442825e-06, 3.200138792949616e-10, 5766.610820396454, 4.282436912329579, 59.42572944297082, 84.00895225464191, 55.30338196286472, 157.1468963623047]"
stored_images\230404_112539_images\image_00298.png,"[0.41091221110666687, 0.14029695313219837, 0.0005732440578941321, 0.000248562203429795, 9.201372849576484e-08, 8.692183242690318e-05, -1.8351026897235622e-08, 5927.975211746641, 3.619385031488738, 64.67253086419753, 104.2108024691358, 86.43611111111112, 146.47738647460938]"
stored_images\230404_112539_images\image_00299.png,"[0.5241975915781049, 0.2469933915278953, 8.074036207800879e-05, 3.425608138755056e-05, 1.7592793034634405e-09, 1.5108803663789053e-05, 3.880743150303754e-10, 5743.298781959864, 5.093254077120312, 82.080078125, 110.00911458333333, 47.51171875, 171.0323944091797]"
stored_images\230404_112539_images\image_00300.png,"[0.44789243730486467, 0.1711583667549464, 0.0014153658577992002, 0.0006898491746229755, 6.764059096775808e-07, 0.0002753347604166338, 8.444306343957683e-08, 6172.3446950968355, 3.7060908340054146, 63.075892857142854, 99.39464285714286, 69.87678571428572, 151.2457275390625]"
stored_images\230404_112539_images\image_00301.png,"[0.5594242225028646, 0.2372500309387812, 0.0006925453676777555, 7.344620519031923e-05, 1.5746974736417347e-08, -6.5257682408447284e-06, -5.139574544189646e-09, 6105.8537036883645, 3.024563013370885, 72.22, 107.5021875, 41.5609375, 135.89532470703125]"
stored_images\230404_112539_images\image_00302.png,"[0.3438369112872311, 0.06397346949582622, 0.0010269536053935965, 7.711799328835497e-05, 2.0494406815672428e-08, 1.699504891407459e-05, 7.139756260763283e-09, 3528.3075209648814, 2.173315105118354, 61.20520833333333, 97.953125, 50.9859375, 87.56782531738281]"
stored_images\230404_112539_images\image_00303.png,"[0.5643617877984327, 0.26792799964670555, 0.00018434594962031016, 2.426960145938519e-05, 5.057363308241516e-10, -3.8141033622377005e-06, -1.5425560007774837e-09, 5449.723732503131, 4.4630476436672195, 60.49030172413793, 86.81752873563218, 56.20725574712644, 155.95632934570312]"
stored_images\230404_112539_images\image_00304.png,"[0.4064252042470651, 0.1360090403932478, 0.0010418856929978503, 0.0004721841087586921, 3.3081088410463495e-07, 0.00017300627055384058, -1.5840158220728586e-08, 6929.999332898296, 3.1818188134404677, 73.99411764705883, 106.02433155080215, 72.95080213903744, 148.492431640625]"
stored_images\230404_112539_images\image_00305.png,"[0.5231020810291561, 0.2452884319342766, 6.480512621512418e-05, 1.2125034261736299e-05, 1.8906184472838645e-10, 1.9537294407399478e-06, 2.824463002312906e-10, 5907.020253371913, 4.9190857741454, 84.26653439153439, 119.99570105820106, 45.57738095238095, 170.4615478515625]"
stored_images\230404_112539_images\image_00306.png,"[0.44415742020659466, 0.1676748055444546, 0.0012898882279727634, 0.0006203040466605765, 5.526296697542667e-07, 0.00024942237975486916, 4.9693265811157187e-08, 6095.999843074707, 3.6634614242647743, 62.237575757575755, 101.11666666666666, 73.72545454545454, 149.44049072265625]"
stored_images\230404_112539_images\image_00307.png,"[0.5314989146645397, 0.21353683571933998, 0.0014470235326113356, 0.00014873123162879488, 7.840151036848064e-09, 1.0975241039202028e-05, 6.855184844757391e-08, 6021.160400453489, 3.1558242372065166, 69.14889705882354, 107.40870098039215, 44.8235294117647, 137.84674072265625]"
stored_images\230404_112539_images\image_00308.png,"[0.260797198745198, 0.03947263480135493, 0.0004914004224810941, 0.00010567060093175432, 2.407080384753134e-08, 2.098242302200507e-05, -6.503061124261942e-10, 3381.5131157643627, 2.2117234232566054, 60.65345982142857, 90.71428571428571, 56.663504464285715, 86.48104858398438]"
stored_images\230404_112539_images\image_00309.png,"[0.43083382348962007, 0.15852310230823696, 4.4052667598417965e-05, 1.2417349264886125e-05, 2.389619063604583e-10, 2.2414785796375947e-06, -1.6505187618190752e-10, 5141.689131175051, 4.609195651731954, 56.49269005847953, 85.85051169590643, 57.42470760233918, 153.94496154785156]"
stored_images\230404_112539_images\image_00310.png,"[0.4051393102041258, 0.1360722445173967, 0.0005785047023238055, 0.00024790249541299355, 9.185166635900786e-08, 8.400731492693942e-05, -1.9411216655700424e-08, 5883.985207050922, 3.7849196749419836, 90.61818181818182, 101.37305194805195, 77.11753246753247, 149.2327423095703]"
stored_images\230404_112539_images\image_00311.png,"[0.44246892937424076, 0.16688740430963878, 0.0008399236599821666, 0.0004155633001503374, 2.450870011348374e-07, 0.00016846473645378766, 1.4468121709943136e-08, 5832.401108237507, 3.750478567924723, 61.52142857142857, 94.71201298701298, 83.0737012987013, 147.8996124267578]"
stored_images\230404_112539_images\image_00312.png,"[0.5922656006354995, 0.2839387154069833, 0.001943436576244587, 0.0006363523133321384, 7.04824341786772e-07, 0.00033504322612598755, -6.341464738532374e-08, 6831.904602806841, 3.370126239602849, 67.60323660714286, 101.51032366071429, 47.770926339285715, 151.7378692626953]"
stored_images\230404_112539_images\image_00313.png,"[0.16416678896526954, 0.0005313904144136697, 2.7727881724809074e-06, 4.6890079063098535e-08, -4.178671881947266e-15, -1.0756726248918435e-09, -1.6383002817534015e-14, 8864.561070213676, 1.130511505024687, 28.47194922194922, 103.95454545454545, 101.09889434889435, 100.10738372802734]"
stored_images\230404_112539_images\image_00314.png,"[0.2611258382865971, 0.03957200315763254, 0.0005427467879046295, 0.00011716661270087567, 2.9359223019804762e-08, 2.2962087327331223e-05, 3.320429686354735e-09, 3466.7558026855113, 2.1432733581113093, 57.68385416666667, 90.19166666666666, 59.579166666666666, 86.19863891601562]"
stored_images\230404_112539_images\image_00315.png,"[0.5373983945948979, 0.23842253162665805, 4.90123830651861e-06, 2.421283607545519e-07, 6.128963240176267e-14, -3.358338392923084e-09, 2.565480719121919e-13, 5120.228836373019, 4.533123818627975, 57.29349415204678, 87.83406432748538, 58.64912280701754, 152.35035705566406]"
stored_images\230404_112539_images\image_00316.png,"[0.41101846795918817, 0.14046192452539435, 0.0005705750734832034, 0.00022115930919124613, 7.561816011881918e-08, 7.310800080997053e-05, -2.1305635939703945e-08, 6177.5119643211365, 3.7202436050674166, 91.70744047619047, 111.53928571428571, 69.27916666666667, 151.59765625]"
stored_images\230404_112539_images\image_00317.png,"[0.4356622268659881, 0.1607459212606788, 0.0009181221640548272, 0.00044286929053172344, 2.818808597771119e-07, 0.0001761817366435036, 1.7103636570782438e-08, 5769.819942088507, 3.708376381319326, 64.22387566137566, 91.45535714285714, 85.65310846560847, 146.27598571777344]"
stored_images\230404_112539_images\image_00318.png,"[0.5767423760518943, 0.26935322483202456, 0.0026478822337076876, 0.0009794563346068063, 1.5727963200898634e-06, 0.0005045333690387128, -1.197161037894136e-07, 6977.044744408922, 3.2913621653329974, 57.43723739495798, 106.2594537815126, 49.32274159663866, 151.53871154785156]"
stored_images\230404_112539_images\image_00319.png,"[0.16438846490530634, 0.0004600943623130785, 4.2146930719363894e-06, 1.1970548577148577e-07, 1.768364147585819e-14, -2.0601814011059726e-09, -8.316721920693676e-14, 8504.439991309482, 1.1238778630908555, 25.92599826388889, 112.73155381944444, 109.15646701388889, 97.76477813720703]"
stored_images\230404_112539_images\image_00320.png,"[0.2528343207583048, 0.03501067628533162, 0.000631937341939365, 0.00011610644078420584, 3.137009872784573e-08, 2.157553452301588e-05, 2.241244468403883e-09, 3379.884331066918, 2.0884077198233357, 62.27311827956989, 90.98548387096774, 61.29354838709678, 84.01533508300781]"
stored_images\230404_112539_images\image_00321.png,"[0.42100046319255713, 0.15000168764204913, 2.975648320666717e-05, 6.803406030051836e-06, 7.50437619945336e-11, 1.499296647262185e-06, 6.11464703272756e-11, 5326.972181080142, 4.425310903126469, 66.16666666666667, 85.40862573099415, 58.823830409356724, 153.5366668701172]"
stored_images\230404_112539_images\image_00322.png,"[0.4314819251460684, 0.157663657473801, 0.0007589912758036452, 0.00038882645469127323, 2.112103882663126e-07, 0.00015435618579260873, 2.7506125670461185e-09, 5652.692265525693, 3.7469063652314314, 66.67294973544973, 92.89880952380952, 83.66071428571429, 145.53387451171875]"
stored_images\230404_112539_images\image_00323.png,"[0.4435846773555301, 0.1641038271216588, 0.0005337342699292758, 8.060766913647131e-05, 1.6007813146459868e-08, 3.108076251595215e-05, -4.8266442856024656e-09, 6650.1289542458835, 3.4003166570128402, 53.53013392857143, 105.13420758928571, 52.736607142857146, 150.3746795654297]"
stored_images\230404_112539_images\image_00324.png,"[0.163638683925782, 0.0003394986675278461, 3.371019131811714e-06, 4.028873466112476e-08, 8.541704553076228e-15, -4.973170579143373e-10, -1.2144558342049548e-14, 8501.559079259168, 1.1226326876718804, 31.702039930555557, 87.630859375, 128.17122395833334, 97.69405364990234]"
stored_images\230404_112539_images\image_00325.png,"[0.24950159872735467, 0.033318460395002046, 0.000681263348132926, 0.00012159065082501791, 3.485226955475654e-08, 2.2030458289263226e-05, 3.1590222624835087e-09, 3468.84590453314, 2.049358173692312, 65.10860215053764, 82.93440860215054, 66.55967741935484, 84.31433868408203]"
stored_images\230404_112539_images\image_00326.png,"[0.5333116008540697, 0.23222343122459746, 0.00010755730610934008, 3.76418303753921e-05, 2.3848391828418417e-09, 1.7161279220687533e-05, 2.2160703800084133e-10, 5689.751557634969, 4.221690365553727, 71.78373819163293, 82.78137651821862, 55.88731443994602, 154.9850616455078]"
stored_images\230404_112539_images\image_00327.png,"[0.4170594492864991, 0.14497566780271515, 0.0005466620876114376, 0.00023205776686131016, 8.260220632249413e-08, 8.825316560013976e-05, 2.8700565063852702e-09, 5653.759501073509, 3.5723101966172113, 70.9794474393531, 96.61522911051213, 70.91846361185983, 142.1160888671875]"
stored_images\230404_112539_images\image_00328.png,"[0.18291594784994925, 0.0067257193771867434, 4.3931704738171177e-07, 1.4552014382694868e-09, 3.18810742810157e-17, 1.139150184156748e-10, 1.836776922147645e-17, 14723.53608349082, 1.5963468967314811, 41.092592592592595, 59.56359649122807, 155.31980994152048, 153.30972290039062]"
stored_images\230404_112539_images\image_00329.png,"[0.43909095473597987, 0.16081988943113745, 0.0023943674081470826, 0.0011156656629076763, 1.823373402551329e-06, 0.0004473565753383466, 1.7880714721828767e-08, 7153.232102842419, 3.2513075647922745, 53.56759545923632, 100.29179566563468, 54.52579979360165, 152.50363159179688]"
stored_images\230404_112539_images\image_00330.png,"[0.16335219887018076, 0.0002195010199372916, 2.2301815822235783e-06, 1.3946024572689225e-08, -2.3440680665457653e-15, 2.0267704844850614e-10, 7.446174818798466e-16, 8247.512510500383, 1.0860215628005097, 31.062276785714285, 92.90022321428572, 136.8986607142857, 94.64130401611328]"
stored_images\230404_112539_images\image_00331.png,"[0.24417324542316804, 0.0304170372230442, 0.0007892074973957539, 0.00013211324821701647, 4.262385306482999e-08, 2.3024353542452175e-05, -1.7421333955100598e-09, 3651.317893445492, 1.9828502628464795, 66.29032258064517, 76.72258064516129, 74.36075268817204, 85.08828735351562]"
stored_images\230404_112539_images\image_00332.png,"[0.5167686496325168, 0.21431039375765268, 0.00012186544019705535, 1.8184634955677606e-05, 4.805808559501434e-10, 2.2311226057802345e-06, 7.084186584291436e-10, 5708.60002027452, 4.122066767205361, 80.39001349527665, 87.4665991902834, 61.969635627530366, 153.39892578125]"
stored_images\230404_112539_images\image_00333.png,"[0.40466388157580346, 0.13465272855644356, 0.0005882866755006677, 0.00023854244603970773, 8.933876406904017e-08, 8.737271972723877e-05, -1.946600153375117e-09, 5846.356887817383, 3.477904156940739, 78.93899371069182, 95.34308176100629, 79.43962264150943, 142.5940704345703]"
stored_images\230404_112539_images\image_00334.png,"[0.1837232406592752, 0.006893850881802903, 8.001996550290777e-07, 8.32555668538394e-10, -2.08477735804562e-17, -4.6331414295596164e-11, -5.210913432087725e-18, 14277.830669233459, 1.6143205133644654, 40.64872448979592, 54.692602040816325, 175.20701530612246, 151.81895446777344]"
stored_images\230404_112539_images\image_00335.png,"[0.43792249689316126, 0.16017668236397176, 0.002427745807518855, 0.001165743098135865, 1.959893375514993e-06, 0.0004652164314883551, 6.957025753533736e-08, 7105.595726490719, 3.266605104934399, 55.01522187822498, 93.8170794633643, 59.43679050567595, 152.35214233398438]"
stored_images\230404_112539_images\image_00336.png,"[0.16285453114768145, 9.785601857339146e-05, 2.821044552216519e-06, 2.263268277012754e-08, -2.1795424888770915e-15, 1.514035484669762e-10, -5.2872382431088825e-15, 8051.956525206333, 1.0663967668211083, 29.06204044117647, 98.38556985294117, 144.9850643382353, 92.66380310058594]"
stored_images\230404_112539_images\image_00337.png,"[0.24186199610659367, 0.029398821221425543, 0.0005717490952610515, 7.493212306523413e-05, 1.550659052224559e-08, 1.2812622939478293e-05, 3.130459004266207e-10, 3571.6739530294435, 1.9699625268452492, 66.89139784946236, 84.11182795698925, 74.67043010752688, 83.8812484741211]"
stored_images\230404_112539_images\image_00338.png,"[0.40039074781511713, 0.1327479710239514, 3.2367603254307676e-05, 3.901890254427849e-06, -4.4525685803202596e-12, -3.637868274420467e-07, 4.3623177604977475e-11, 6114.705145656946, 3.8961042512566753, 81.05231829573935, 97.80451127819549, 57.87844611528822, 154.34872436523438]"
stored_images\230404_112539_images\image_00339.png,"[0.3986543289853009, 0.12897377641912036, 0.0005542059282055078, 0.00018267131421653105, 5.812167776441223e-08, 6.555046990862907e-05, -2.149916716838685e-10, 6020.152889561723, 3.29357784167334, 85.50064102564103, 99.23782051282052, 73.575, 140.81137084960938]"
stored_images\230404_112539_images\image_00340.png,"[0.18425584959163105, 0.007052739866711315, 1.1113071873701045e-06, 2.660774487673013e-10, -2.4401788002320697e-18, 1.7209664794326622e-11, 3.870377471932435e-18, 13872.203224412631, 1.6171913381833831, 36.32566844919786, 60.69385026737968, 185.2774064171123, 149.7798614501953]"
stored_images\230404_112539_images\image_00341.png,"[0.43422473909868997, 0.15675478068689735, 0.002541725084621001, 0.0012010416944359793, 2.098141429890585e-06, 0.0004753699995716131, 3.676256537174715e-08, 7143.792665514629, 3.249537310494192, 56.31372549019608, 91.46155830753354, 60.419246646026835, 152.36148071289062]"
stored_images\230404_112539_images\image_00342.png,"[0.16285920228587616, 1.3871636298089559e-05, 6.291499453246173e-07, 1.7611317696166393e-08, 4.1615674849020566e-16, -5.983532972199178e-11, 1.806493662638918e-15, 7929.140008320333, 1.0210324794529513, 31.058769513314967, 96.63567493112947, 144.48852157943068, 89.9772720336914]"
stored_images\230404_112539_images\image_00343.png,"[0.44129051103115957, 0.16747759840588514, 6.319813859390941e-05, 2.0379967576095897e-05, 6.375074598877486e-10, 5.008849317333179e-06, 3.5851940217815043e-10, 16187.027121772058, 4.827459876929324, 32.54796245421245, 214.19139194139194, 115.84787087912088, 279.539306640625]"
stored_images\230404_112539_images\image_00344.png,"[0.24734981073175558, 0.029447200258795974, 0.00042617678407447603, 3.745005484757538e-06, 4.558617792264571e-11, 3.2564176117605556e-07, 1.4250048499312537e-10, 3497.4847537227324, 1.9705127993852978, 78.04838709677419, 82.50967741935484, 74.70161290322581, 83.01709747314453]"
stored_images\230404_112539_images\image_00345.png,"[0.3928746479720128, 0.12453238617167028, 0.000612504949272706, 0.00020554311507566873, 7.260112792736183e-08, 7.134450618923477e-05, -6.923462357903657e-09, 6068.278792989382, 3.296647557262639, 87.71634615384616, 106.56121794871795, 67.77019230769231, 141.43894958496094]"
stored_images\230404_112539_images\image_00346.png,"[0.1862217023541551, 0.007701627547473789, 1.6055875778511627e-06, 2.823455313518163e-08, -1.9250884785387158e-15, 2.0248493588364744e-10, -5.695005381026999e-15, 13709.27566131868, 1.6521196407003378, 35.05173319327731, 64.5094537815126, 183.2314863445378, 150.49705505371094]"
stored_images\230404_112539_images\image_00347.png,"[0.42926265496938815, 0.15184084756739658, 0.003049368255320435, 0.0012985118550677727, 2.5382680420524998e-06, 0.0004766999387684343, -4.834010423959325e-07, 7015.199853112979, 3.2986518280984662, 59.786893704850364, 91.3343653250774, 61.20356037151703, 152.1206817626953]"
stored_images\230404_112539_images\image_00348.png,"[0.16279380849111427, 2.3901840941838968e-05, 4.3079313766523634e-07, 8.487076038152397e-09, 2.3015731681634855e-16, -1.0492238895825553e-12, 4.586758242567601e-16, 7839.633945517475, 1.0286225302449572, 28.999526515151516, 98.45075757575758, 148.24692234848484, 89.79991149902344]"
stored_images\230404_112539_images\image_00349.png,"[0.45737284415536605, 0.1821085892945617, 9.196213287990429e-07, 4.7538438900668473e-07, 3.099904893887069e-13, 1.5245613249216566e-07, -5.198944494204877e-14, 15382.92727577826, 5.148570947628887, 31.246547619047618, 214.07321428571427, 122.37559523809524, 281.42510986328125]"
stored_images\230404_112539_images\image_00350.png,"[0.30516535524952726, 0.039123389497403, 0.0015915069799772655, 7.979096159466588e-05, 2.7255151122543664e-08, 1.4466798040653288e-05, 8.101692066478699e-09, 3517.512636248517, 1.8638497796872129, 78.63020833333333, 87.45416666666667, 63.79479166666667, 80.96984100341797]"
stored_images\230404_112539_images\image_00351.png,"[0.3989226088573014, 0.1278564329170174, 0.0009512655027402363, 0.00032536170943769986, 1.8083303661359777e-07, 0.0001158411943718807, -7.982871565230705e-09, 6333.803100942168, 3.087175263288655, 90.34194711538461, 106.42457932692308, 59.0703125, 139.83404541015625]"
stored_images\230404_112539_images\image_00352.png,"[0.183816379437231, 0.007073971211204009, 4.984296622811497e-07, 9.22941242049026e-09, -6.212428138146622e-16, -5.172024408284842e-10, 7.689570583002979e-17, 14622.8370500179, 1.6287878861079252, 44.52017543859649, 48.59335839598997, 161.07130325814538, 154.32919311523438]"
stored_images\230404_112539_images\image_00353.png,"[0.18807411624842618, 0.008438730488003131, 1.802280078807765e-08, 6.844631743775389e-09, 6.673691492589392e-17, 5.963860957823103e-10, 3.6406707045963234e-17, 13267.105191054288, 1.68845376246171, 30.804683195592286, 68.88539944903582, 177.000826446281, 149.66928100585938]"
stored_images\230404_112539_images\image_00354.png,"[0.4465564672168054, 0.16671904955674616, 0.0008768964602601855, 0.00020569430552577363, 8.486273671387772e-08, 8.014589825334852e-05, 2.0734212134450334e-08, 6544.914884754689, 3.4884845354905005, 58.33286830357143, 92.421875, 58.353794642857146, 151.10206604003906]"
stored_images\230404_112539_images\image_00355.png,"[0.16293917058879473, 8.528490915444679e-05, 8.439028966596001e-07, 2.5380619122065715e-08, 1.2974400241743159e-15, 1.2410201657365616e-10, 3.4805327771863896e-15, 8000.975350761786, 1.061151057644963, 25.619255514705884, 114.91727941176471, 145.72679227941177, 92.14251708984375]"
stored_images\230404_112539_images\image_00356.png,"[0.45487851279005037, 0.17984640462723453, 8.659829733957558e-06, 6.816627601427437e-06, 5.2366480862139914e-11, 2.867857984865896e-06, -8.382988909615727e-13, 15324.500331561896, 5.146101637593437, 29.97642857142857, 212.87464285714285, 125.03785714285715, 280.8227844238281]"
stored_images\230404_112539_images\image_00357.png,"[0.2383021550754411, 0.025240904214473524, 0.0005169907310876131, 5.084408742201578e-06, -1.009966805072529e-10, -5.0314096065548347e-08, 2.4031638571096104e-10, 3426.296335072664, 1.8691358579079036, 82.41166666666666, 84.575, 66.76722222222222, 80.02632904052734]"
stored_images\230404_112539_images\image_00358.png,"[0.18460355570888864, 0.007214001776041033, 2.734683805348496e-07, 8.313317280682183e-09, 3.879902888944073e-16, -2.854678672601989e-10, -8.113612710096518e-17, 14183.020872909576, 1.632014786268883, 35.43562951496388, 57.76031991744066, 162.14318885448915, 152.14105224609375]"
stored_images\230404_112539_images\image_00359.png,"[0.18962455381193427, 0.009054454061270426, 4.5789588790069825e-08, 3.6417742207442033e-09, 1.535500021506597e-18, 3.9099097958948056e-11, -4.7002534372911675e-17, 12978.116643503308, 1.717668983134513, 26.407670454545453, 82.45326704545455, 170.57102272727272, 149.305419921875]"
stored_images\230404_112539_images\image_00360.png,"[0.4156818872039856, 0.14054147670378245, 0.002551682578018441, 0.0010778452437073156, 1.7869924394957286e-06, 0.00040351211665828814, -4.291915921135154e-08, 7515.153533121338, 2.972166996352905, 62.43333333333333, 94.84545454545454, 52.262121212121215, 149.45330810546875]"
stored_images\230404_112539_images\image_00361.png,"[0.16350374071240947, 0.00017573448643996346, 2.2012126872657974e-06, 2.5920822924052112e-08, -5.975670229948379e-15, 3.436100355796954e-10, -1.6209576157609658e-15, 8120.82896649465, 1.084837515202307, 27.590073529411764, 105.56801470588235, 146.84972426470588, 93.86042785644531]"
stored_images\230404_112539_images\image_00362.png,"[0.451076085866982, 0.17638980151916783, 4.564734121588777e-06, 2.3722852750482286e-06, 7.721736412169661e-12, 9.131646854286985e-07, 1.147484153272528e-12, 15060.916260412196, 5.13266798054617, 29.266947115384614, 217.4013221153846, 128.25408653846154, 278.0335998535156]"
stored_images\230404_112539_images\image_00363.png,"[0.22872715656112458, 0.024380102851841997, 0.0002936349126101622, 2.783872167475524e-05, 9.286580573548879e-10, 1.133126423455974e-06, 2.339385518819765e-09, 3297.7948167872673, 1.897707073199992, 83.1183908045977, 94.96264367816092, 64.65402298850574, 79.10909271240234]"
stored_images\230404_112539_images\image_00364.png,"[0.3399509733336271, 0.07384716831232711, 0.0002607413250806285, 0.00015543852607794278, 3.1173804592324246e-08, 4.072575419381505e-05, 2.7251674204178003e-09, 3394.421593878942, 2.5860689452865677, 60.50678733031674, 113.26640271493213, 38.877262443438916, 93.69209289550781]"
stored_images\230404_112539_images\image_00365.png,"[0.1854866862058963, 0.007481049272385655, 6.567446479960617e-07, 2.065507385219431e-09, 7.594487586152615e-17, 1.7784509917739504e-10, -4.436950539648453e-18, 13775.96200221451, 1.6479833855677475, 31.667935924369747, 71.0656512605042, 176.51483718487395, 150.67367553710938]"
stored_images\230404_112539_images\image_00366.png,"[0.19090783119416713, 0.009513229398642955, 2.8495736828572497e-08, 2.6840536439478507e-09, -2.9940208786720705e-18, -2.2904187461159033e-11, -2.3281714013428746e-17, 12875.906515784562, 1.7502153929028061, 26.652217741935484, 76.82474078341014, 174.04665898617512, 150.11865234375]"
stored_images\230404_112539_images\image_00367.png,"[0.4102079212727565, 0.1368278560269678, 0.0009281312155174204, 0.00023360349709486406, 1.0369770094891582e-07, 7.879530309299814e-05, -3.284042673754531e-08, 6623.316934906645, 3.366393704433313, 73.58892045454546, 94.01306818181818, 52.90568181818182, 149.32077026367188]"
stored_images\230404_112539_images\image_00368.png,"[0.1633514449246266, 0.00022780804035951477, 1.7503262644897388e-06, 3.725794886619802e-08, 7.27925009898227e-15, -2.949063920017833e-10, 6.126911153821112e-15, 8310.64398289856, 1.0744000863308703, 30.54174107142857, 89.8140625, 137.4908482142857, 94.49315643310547]"
stored_images\230404_112539_images\image_00369.png,"[0.4450007049925642, 0.17085565093897842, 9.639263497793985e-06, 6.402164162558985e-06, 5.02705309446009e-11, 2.6347437232354826e-06, 1.5208771448252428e-12, 15434.534733820241, 4.948460542899367, 28.785436893203883, 214.40485436893204, 127.10133495145631, 276.3642272949219]"
stored_images\230404_112539_images\image_00370.png,"[0.22887601702064758, 0.023857056897939596, 0.00044698470566487223, 4.530295455077634e-05, 4.461114996918905e-09, 4.332103872663747e-06, 4.653830420997702e-09, 3340.117690978106, 1.7921348811021331, 94.32645089285714, 94.02566964285714, 63.12779017857143, 77.36886596679688]"
stored_images\230404_112539_images\image_00371.png,"[0.7504167181494814, 0.5104930690468463, 0.01993474183523375, 0.0040448854414303695, 1.598628246289284e-05, 0.00045644180475768424, 3.261434391707422e-05, 2666.305919667706, 3.8985029482432485, 68.8445945945946, 98.14189189189189, 42.885885885885884, 101.95391845703125]"
stored_images\230404_112539_images\image_00372.png,"[0.6415280900360179, 0.3828773197439236, 0.000336273821127244, 0.00011229369558836533, 1.905478600518686e-08, 4.2616646503971085e-05, 1.0634002471752997e-08, 1362.8762935765844, 5.902933782952934, 69.6969696969697, 117.43484848484849, 28.563636363636363, 89.6937484741211]"
stored_images\230404_112539_images\image_00373.png,"[0.18676454574705303, 0.007951266605261562, 4.7602449887258683e-07, 1.5662871935970554e-08, -1.0082688150484198e-15, -1.3951115659459224e-09, -9.013986132028446e-16, 13413.767430464854, 1.6655659206798072, 29.364462809917356, 66.38829201101929, 168.29366391184573, 149.4707794189453]"
stored_images\230404_112539_images\image_00374.png,"[0.19163074184668455, 0.009822568005377024, 9.101959329480688e-08, 2.050338498836197e-10, -5.8677126275095595e-19, -1.9243815010114453e-11, 6.635006860917928e-19, 13040.379952975782, 1.7625995376088621, 26.056361607142858, 77.54729352678571, 174.32114955357142, 151.60794067382812]"
stored_images\230404_112539_images\image_00375.png,"[0.41644300769567855, 0.14218891113743878, 0.0007127944130925107, 0.0001337562953172855, 3.206111345574764e-08, 3.445337820540395e-05, -2.6034631134168523e-08, 6275.537470038282, 3.5465140595303497, 88.07121212121213, 90.24484848484849, 51.556969696969695, 149.18539428710938]"
stored_images\230404_112539_images\image_00376.png,"[0.16317396290888178, 0.0002612071873222025, 1.7970580045267484e-06, 2.862014135763658e-08, -6.25497530812641e-15, -4.314302579292864e-10, 1.733182586207004e-15, 8606.614087916445, 1.1017587241321445, 36.000631313131315, 83.12457912457913, 131.18560606060606, 97.37767791748047]"
stored_images\230404_112539_images\image_00377.png,"[0.4300707328590166, 0.1578634104082969, 1.4825502540928668e-05, 8.26450344140542e-06, 9.082340760719197e-11, 3.055410617998848e-06, -1.0947225496690337e-11, 15784.290451282868, 4.819518932412571, 27.64724919093851, 215.706195099399, 127.07223763291725, 275.8127746582031]"
stored_images\230404_112539_images\image_00378.png,"[0.17727965295852133, 0.004818473356348871, 1.6381271275384109e-06, 8.334127838660024e-08, -2.896319760651024e-14, -4.891166177876788e-09, 1.0459186970668946e-14, 11179.816560174804, 1.5011606946309586, 22.58251953125, 237.98388671875, 108.27376302083333, 129.54806518554688]"
stored_images\230404_112539_images\image_00379.png,"[0.33454699812411615, 0.07249250104815524, 0.00019572632984661185, 4.28071268716184e-05, 3.6245272949530713e-09, 1.0391731167366933e-05, -1.4886073540838168e-09, 3079.1009006774693, 2.690743371775425, 57.94424019607843, 103.19914215686275, 43.19424019607843, 91.0223617553711]"
stored_images\230404_112539_images\image_00380.png,"[0.18879129379455373, 0.0087083685901822, 8.978055361428173e-08, 6.99758842232224e-09, -1.6755017580688837e-16, -5.621457723305078e-10, 5.1863783721334455e-17, 13194.673943889211, 1.7153284639785034, 28.7841796875, 60.19921875, 171.62472098214286, 150.44334411621094]"
stored_images\230404_112539_images\image_00381.png,"[0.192804013275009, 0.010295976408942071, 2.5483191681573564e-07, 2.6361073898443685e-08, 7.111736356590701e-16, -1.5308767569985942e-09, -2.040187231214773e-15, 13218.123010607087, 1.7818731024158418, 28.57373903508772, 70.30030153508773, 165.79783442982455, 153.4699249267578]"
stored_images\230404_112539_images\image_00382.png,"[0.41633824264158364, 0.14045225948770415, 0.0004766420009704983, 2.9576423094820283e-05, 1.1210909182618459e-09, 5.107642864229412e-06, -3.3279174112174718e-09, 6854.0, 3.239130434782609, 85.82085561497327, 108.37299465240642, 46.3168449197861, 149.0]"
stored_images\230404_112539_images\image_00383.png,"[0.1630172573553774, 0.0002596372050180354, 3.1144570264648133e-06, 5.4791780446555917e-08, -1.7921029386119997e-14, -8.740269020599679e-10, 1.3825400197733971e-14, 8907.327612269204, 1.084900826034328, 33.96380471380471, 78.59743265993266, 122.17129629629629, 98.3034439086914]"
stored_images\230404_112539_images\image_00384.png,"[0.4146127840389484, 0.14480606821321404, 7.3001608830531e-06, 2.2230773957975626e-06, 7.772845275529765e-12, 4.901885015467856e-07, -4.448247327350017e-12, 16342.97867965838, 4.649787746990964, 27.303177405119154, 211.78221535745809, 133.68667255075022, 275.66534423828125]"
stored_images\230404_112539_images\image_00385.png,"[0.17706036732559766, 0.004649343368834594, 6.88780809262359e-07, 6.15045154637325e-08, -9.056857968042117e-15, -3.0774664927848024e-09, 8.84447858121663e-15, 10851.07822363812, 1.487012972514246, 21.735929993136583, 240.24725463280714, 116.04770075497598, 127.02635192871094]"
stored_images\230404_112539_images\image_00386.png,"[0.34581676158887875, 0.09026567220314695, 0.0002475805251552057, 8.598246583487459e-05, 1.2544096858394465e-08, 2.5832220730678357e-05, -1.5624157720924097e-10, 3795.216639409773, 2.930540241155426, 48.0379684418146, 108.4285009861933, 47.88954635108481, 105.4610595703125]"
stored_images\230404_112539_images\image_00387.png,"[0.18999439324000944, 0.009140002034854515, 1.718517777218372e-08, 6.138446875018058e-09, 4.974341088039978e-17, 1.3239547922125464e-10, -3.873659150782379e-17, 13006.240952018648, 1.7198572276819115, 28.56505681818182, 61.884375, 170.2703125, 149.56228637695312]"
stored_images\230404_112539_images\image_00388.png,"[0.19220343726695227, 0.010130104837215846, 6.793629810465162e-07, 5.152049314239065e-08, -8.375384777017393e-15, -4.292448421839941e-09, 4.770590536488823e-15, 13515.573646638077, 1.7700714115458125, 30.171463815789473, 61.94298245614035, 160.4076206140351, 154.67233276367188]"
stored_images\230404_112539_images\image_00389.png,"[0.6180455536201697, 0.30647884643989026, 0.0367502469527667, 0.012622615765946501, 0.000251248893854885, 0.006056051624345193, 0.00010385022507182262, 1917.0, 2.6296296296296298, 63.228846153846156, 97.63653846153846, 46.58846153846154, 71.0]"
stored_images\230404_112539_images\image_00390.png,"[0.16280866634221042, 0.00030191663119582526, 1.7581971091863328e-06, 2.643309007147612e-08, -5.691096081852023e-15, -4.029421579015937e-10, 2.8913606531713206e-16, 9146.623209239566, 1.0792767853990628, 38.16037360890302, 76.49463434022258, 115.03815580286168, 99.35662078857422]"
stored_images\230404_112539_images\image_00391.png,"[0.17632315994752865, 0.004338622734126499, 5.340637220408924e-07, 4.608708146591915e-09, -2.1537638023000386e-16, -1.3272501966147397e-10, 7.676214751856351e-17, 10704.635315426043, 1.4597902348674194, 21.839586255259466, 240.63025946704067, 127.17549088359046, 125.00608825683594]"
stored_images\230404_112539_images\image_00392.png,"[0.40132006463476017, 0.13395566628715222, 3.4794939948786975e-06, 1.0851091952086359e-06, 1.867624618088986e-12, 2.31977752339931e-07, 9.785908747278195e-13, 16793.593500042334, 4.50686914135733, 25.99768314210062, 219.7236319505737, 133.2885039717564, 275.1118469238281]"
stored_images\230404_112539_images\image_00393.png,"[0.3373461043578836, 0.08495662785390662, 0.00029987349052130205, 9.071603959797437e-05, 1.4748930196141574e-08, 2.549185379345014e-05, -2.5171774669761407e-09, 3750.2464727333863, 2.950445142021094, 48.298816568047336, 105.77909270216962, 52.28057199211045, 105.18981170654297]"
stored_images\230404_112539_images\image_00394.png,"[0.19036694999440243, 0.00930197320254643, 5.916870952859103e-08, 1.9194279852078567e-09, 1.988834814509457e-17, 8.753385304264253e-13, 4.782145534802784e-18, 12957.78692196589, 1.734814727975675, 27.999573863636364, 60.912357954545456, 171.63125, 149.93118286132812]"
stored_images\230404_112539_images\image_00395.png,"[0.1910084361232841, 0.009754978623320205, 3.926807022692481e-07, 4.7790714983843044e-08, 3.487669343742011e-15, 1.1329692263409558e-09, -5.540571868062961e-15, 13999.492668015882, 1.7486747788242587, 34.52455590386625, 56.38740856844305, 149.52076802507838, 156.462646484375]"
stored_images\230404_112539_images\image_00396.png,"[0.326328127481914, 0.05576920904729914, 0.004013922704705593, 0.0012980737166391589, 2.8470720045910802e-06, 0.00018389899107839583, 8.207473675191641e-07, 1827.4112067185342, 2.6025348381895657, 55.92, 99.15, 44.58222222222222, 68.96304321289062]"
stored_images\230404_112539_images\image_00397.png,"[0.1749254886905131, 0.0038863816736032664, 2.4930158762424245e-07, 6.203063502601691e-09, 1.7734775226367726e-16, 1.1862658195880125e-10, 1.674856444915832e-16, 10499.590657918947, 1.4366582140389537, 21.92293906810036, 231.32365591397848, 150.56720430107526, 122.81825256347656]"
stored_images\230404_112539_images\image_00398.png,"[0.3892837427751574, 0.12443391434656012, 5.480010516419866e-06, 7.275619825593595e-07, -1.4027842165186852e-13, -9.268440669796607e-08, 1.4459776142863782e-12, 17233.843007739284, 4.381760957283748, 28.260763000852513, 216.13618925831202, 125.92945439045184, 274.7991638183594]"
stored_images\230404_112539_images\image_00399.png,"[0.3379762904304221, 0.0854466280088153, 0.00040709705492892446, 0.0001340361067923735, 3.0610617540712795e-08, 3.702305450448893e-05, -6.580270773757027e-09, 3835.9068349411245, 2.9314531394506425, 43.33974358974359, 103.00049309664695, 55.48323471400394, 106.04141235351562]"
stored_images\230404_112539_images\image_00400.png,"[0.19079617593675785, 0.009507568055584472, 3.5587622728829985e-07, 1.3046671030156711e-08, -8.850878286790731e-16, -1.0671196173915168e-09, 8.325078558223992e-17, 13126.139215913136, 1.749613050955367, 27.593052455357142, 67.22014508928571, 181.57631138392858, 151.5442657470703]"
stored_images\230404_112539_images\image_00401.png,"[0.18987915794253096, 0.009399731052244044, 3.451677383538383e-07, 1.2164411007553755e-08, -6.073957387222969e-16, -1.1784574839619485e-09, -5.023678141731648e-16, 14248.195548182353, 1.7417153887577486, 37.81635318704284, 52.329414838035525, 143.0024817136886, 157.5319061279297]"
stored_images\230404_112539_images\image_00402.png,"[0.6052279971830392, 0.27497769937398286, 0.011724371958269057, 0.009145561966179137, 9.313697837758573e-05, 0.0034519395201175434, 1.7147104688580833e-05, 2527.0011190412333, 2.6389848038629524, 63.97651515151515, 100.08863636363637, 45.532575757575756, 81.66221618652344]"
stored_images\230404_112539_images\image_00403.png,"[0.1738136817774784, 0.0034290242522967817, 9.811732233477684e-07, 4.92224031774947e-09, 3.2826101065903353e-16, -1.2593404262974526e-10, 9.621700773888977e-17, 10318.013375645969, 1.423186156110768, 22.108602150537635, 228.85698924731182, 163.7894265232975, 121.17942810058594]"
stored_images\230404_112539_images\image_00404.png,"[0.37915267779435513, 0.11663480292489561, 5.503312011360836e-06, 6.850723691981755e-07, -3.272502211926108e-13, -1.0857894886252037e-07, 1.2893167641694118e-12, 17673.726466007764, 4.201033534407488, 29.92841094771242, 216.4560866013072, 119.15686274509804, 272.4847106933594]"
stored_images\230404_112539_images\image_00405.png,"[0.341152021632809, 0.08856458241143125, 0.00018185940276535385, 6.584711011270679e-05, 7.183504546654012e-09, 1.943640412315117e-05, -5.644515990668751e-10, 3718.9811949050054, 3.052125625531111, 46.724893162393165, 97.03899572649573, 57.80715811965812, 106.54012298583984]"
stored_images\230404_112539_images\image_00406.png,"[0.1907609098723964, 0.009530758230352336, 5.295907532965346e-07, 2.44302614424151e-08, -2.0504129529269165e-15, -2.364543809767399e-09, -1.875557719346623e-15, 13507.913861997658, 1.7488870560106355, 32.20504385964912, 50.30126096491228, 169.56647478070175, 153.70040893554688]"
stored_images\230404_112539_images\image_00407.png,"[0.18920371413048914, 0.00891618930650034, 8.63363199757575e-08, 4.539730659270594e-09, 5.67225680358786e-18, 1.0808732442563466e-10, 8.969644638417438e-17, 13535.589635574957, 1.714366351396905, 38.17530568846358, 43.82801701222754, 170.65483785220627, 152.3317413330078]"
stored_images\230404_112539_images\image_00408.png,"[0.30758296183907263, 0.04948330258948893, 0.0004903669207690359, 6.355234024542052e-05, -5.703177015378307e-09, 1.2481985800231594e-05, -9.661361716808026e-09, 2257.1125194114866, 2.1371816712506577, 69.29416666666667, 86.58166666666666, 51.284166666666664, 69.45401000976562]"
stored_images\230404_112539_images\image_00409.png,"[0.17209945375402858, 0.002916746595762887, 1.9467554786365196e-07, 1.8363933453929997e-09, -2.8424290761883347e-17, -7.988512090506548e-11, -1.9941775245354783e-17, 10304.588845596649, 1.3870868602922406, 22.544921875, 233.86079545454547, 155.6287286931818, 119.55484008789062]"
stored_images\230404_112539_images\image_00410.png,"[0.36935080788728725, 0.10933105108173133, 1.1692160224665447e-05, 2.869343340743659e-06, 1.31300016087873e-11, 4.99825455904914e-07, 1.0188960289295383e-11, 18083.731166931335, 4.121963564035467, 29.05841503267974, 220.4014501633987, 123.97589869281046, 273.0210266113281]"
stored_images\230404_112539_images\image_00411.png,"[0.3347224773577594, 0.08351092060823828, 0.0005122327061486692, 0.0001575874359485597, 4.327423747829616e-08, 4.164841960814488e-05, -1.1487403288260911e-08, 4188.002517170506, 2.809899166120575, 43.23705357142857, 95.15267857142857, 59.42321428571429, 108.47978973388672]"
stored_images\230404_112539_images\image_00412.png,"[0.18942139369417996, 0.009134484833074826, 4.117800598776278e-08, 4.1107747731802246e-10, 1.4233240998986848e-19, 2.261322395906362e-11, 1.6852906741076685e-18, 14018.745744848158, 1.725444967362881, 45.730668756530825, 35.126306165099265, 178.76502089864158, 155.52676391601562]"
stored_images\230404_112539_images\image_00413.png,"[0.5405216952260199, 0.26061766873967335, 0.005072604328946216, 0.004210040834387695, 1.9451817206180588e-05, 0.002101813436799881, -3.843822399472121e-07, 1040.053561701643, 4.92874713844259, 84.77307692307693, 127.16923076923077, 26.578846153846154, 71.59721374511719]"
stored_images\230404_112539_images\image_00414.png,"[0.1919912999926922, 0.010005985472992496, 3.9975179981222786e-07, 3.138545009938644e-08, -2.789014673431933e-15, -2.4939628939782757e-09, 2.1401342468250872e-15, 13601.072214953601, 1.7717769676822506, 44.62365301724138, 33.754714439655174, 181.63752693965517, 155.2355194091797]"
stored_images\230404_112539_images\image_00415.png,"[0.29497588470487235, 0.05712431965709386, 0.0013240680310745087, 0.0003995549683676869, 2.8496197917851125e-07, 9.04548594630578e-05, -5.7048207178772814e-08, 3122.715206244029, 2.354423389629255, 71.41687344913151, 89.6637717121588, 53.8424317617866, 85.74493408203125]"
stored_images\230404_112539_images\image_00416.png,"[0.17101388047439547, 0.0024589330887607834, 3.5432084800866405e-07, 2.2964644105112183e-08, -2.0703992577257117e-15, -1.1089098009710656e-09, 6.795839204372519e-17, 10249.615321937948, 1.3428571578275774, 22.936046511627907, 233.31704215116278, 161.05214389534885, 117.319091796875]"
stored_images\230404_112539_images\image_00417.png,"[0.5229695282030591, 0.24590876494783143, 2.9266061765213377e-05, 1.2974539553518817e-05, 2.52782045455948e-10, 6.433951874610821e-06, -4.662102637457194e-12, 5794.690627059084, 5.368880035280258, 87.52809343434343, 89.80713383838383, 54.541982323232325, 176.3831024169922]"
stored_images\230404_112539_images\image_00418.png,"[0.33692405365102185, 0.0848329596883936, 0.0006316377310054351, 0.0002247332057230819, 8.41572245966068e-08, 6.414627225775861e-05, -9.313798570710718e-09, 4151.998836485174, 2.8833339046568023, 50.91586538461539, 93.45913461538461, 64.4875, 109.41480255126953]"
stored_images\230404_112539_images\image_00419.png,"[0.188709895362821, 0.008872923090019887, 1.8564263573694414e-07, 1.0780825316398318e-08, -2.2629531497882427e-16, -4.3467265343306416e-10, -4.259146718646873e-16, 14353.507767100353, 1.7222999728722383, 56.31769776876268, 33.26381845841785, 174.04792089249491, 157.22927856445312]"
stored_images\230404_112539_images\image_00420.png,"[0.4160703489329092, 0.14598663564907144, 0.0005429154470286731, 0.000292976791570206, 1.1542850042394139e-07, 9.869806158311069e-05, 1.81488188443223e-08, 880.3751942079543, 4.257142828721258, 76.99318181818182, 97.02045454545454, 33.375, 61.21995544433594]"
stored_images\230404_112539_images\image_00421.png,"[0.8001475262362688, 0.6018862110995831, 0.005167497872923787, 0.0020906738477618333, 6.449718079393009e-06, 0.0008715329107294055, -2.371195937028034e-06, 2124.0067863192235, 5.54828371386698, 73.17946428571429, 122.60089285714285, 29.508035714285715, 108.5568618774414]"
stored_images\230404_112539_images\image_00422.png,"[0.19472652228085985, 0.01096941603654402, 7.718106896217008e-07, 5.803395145180946e-08, -1.0277976137015901e-14, -5.96681544999438e-09, 6.724384012205903e-15, 13578.499186282977, 1.8120677389127169, 53.300915948275865, 31.20959051724138, 182.90813577586206, 156.86032104492188]"
stored_images\230404_112539_images\image_00423.png,"[0.317671813642317, 0.06433220262012825, 0.00033787489959458865, 2.701842292679142e-05, 1.973020861621155e-09, 2.4561765315914335e-06, -1.6646930398182224e-09, 3232.547505203169, 2.328491400704718, 76.41225961538461, 86.19771634615384, 54.64603365384615, 86.75804901123047]"
stored_images\230404_112539_images\image_00424.png,"[0.1699786843317329, 0.002118285066213765, 3.140818058640087e-07, 1.7689427149486708e-08, -4.965986065448625e-16, -5.855523071354227e-10, 1.2214448078486319e-15, 10584.744972328423, 1.2879415522630135, 23.00722339675828, 225.99453840732912, 169.207540521494, 116.75843811035156]"
stored_images\230404_112539_images\image_00425.png,"[0.5228799752814421, 0.24624113143129478, 4.764413011263366e-05, 2.737871609888114e-05, 9.827447173318179e-10, 1.2729210453892309e-05, 1.0958867739069354e-10, 5342.925045845099, 5.740694535741808, 87.92237762237762, 79.0048951048951, 59.617482517482514, 175.134521484375]"
stored_images\230404_112539_images\image_00426.png,"[0.3320997154981371, 0.08202087227761876, 0.0004630274715138208, 0.00014778326151231283, 3.7403297410683275e-08, 3.830415047165227e-05, -9.76970640678554e-09, 4214.247500469326, 2.9224600944966177, 57.78330206378987, 87.19465290806754, 66.21060037523452, 110.97734069824219]"
stored_images\230404_112539_images\image_00427.png,"[0.18768952210464265, 0.008626660953702181, 5.398796305687168e-08, 5.7083050550915855e-09, -5.198137371785676e-17, -4.910939934938808e-10, 8.567319448403407e-17, 14642.620441488689, 1.699310387906289, 61.975278904665316, 33.16569472616633, 169.92951318458418, 157.74142456054688]"
stored_images\230404_112539_images\image_00428.png,"[0.7594242732676455, 0.5401750587344091, 0.006042603885489196, 0.0006812669654358576, -1.2016784135160157e-06, -0.00043681198999676783, 6.830789847371911e-07, 2215.6718040184787, 5.589146934082258, 73.33710801393728, 111.83797909407666, 33.56184668989547, 111.28214263916016]"
stored_images\230404_112539_images\image_00429.png,"[0.19642697961714156, 0.011667435283724797, 1.1346202361620507e-07, 2.2345061176833022e-08, 1.1137527227385767e-15, 5.425964876874485e-10, 1.5950718033469097e-16, 13564.5430014655, 1.8398005992967805, 58.42018909899889, 29.858870967741936, 183.2016129032258, 157.974853515625]"
stored_images\230404_112539_images\image_00430.png,"[0.37822713279204706, 0.0908143312069403, 0.0006958506704763907, 1.124800860216918e-05, 9.942637166637178e-10, -5.874648268479342e-07, -4.105327536931499e-11, 3251.054353973421, 2.374035841716045, 75.91526442307692, 90.94411057692308, 52.08713942307692, 87.85282897949219]"
stored_images\230404_112539_images\image_00431.png,"[0.16884224394341824, 0.001834231144037345, 3.2085778444370154e-06, 1.1683807043482838e-07, -5.601111770671673e-14, -4.979260761427821e-09, -4.4501093002085e-14, 10679.844700056943, 1.282674757804734, 22.848837209302324, 218.8154924760602, 185.15270177838576, 117.04173278808594]"
stored_images\230404_112539_images\image_00432.png,"[0.5261958848080988, 0.24959632294724302, 2.307492829949837e-05, 1.4344807838575399e-05, 2.6069176885156765e-10, 7.0217009645557355e-06, 1.232671155312255e-11, 5465.903921577148, 5.626696608838522, 81.58041958041959, 77.13741258741258, 60.425874125874124, 175.37098693847656]"
stored_images\230404_112539_images\image_00433.png,"[0.3318895174863021, 0.08168640772371308, 0.0005226487835588434, 0.00018783156882760344, 5.846604839285949e-08, 5.242501147138561e-05, -6.724972077326627e-09, 4271.106437178678, 2.8824718958152764, 60.50740418118467, 89.93379790940766, 63.732142857142854, 110.95649719238281]"
stored_images\230404_112539_images\image_00434.png,"[0.4265887273605059, 0.14859272390408784, 0.00681999491816463, 0.002818527993840158, 1.175570652011326e-05, 0.0008232472968978188, -3.8088855058412565e-06, 1010.6233528921657, 3.513905985646559, 46.708333333333336, 95.1590909090909, 42.996212121212125, 59.59224319458008]"
stored_images\230404_112539_images\image_00435.png,"[0.8340483450260499, 0.6333072932666854, 0.023530218332243072, 0.009410787397650746, 0.00013622500857222623, 0.007004685050302115, -3.2464324384007997e-05, 3923.1955647235736, 3.6869711243854635, 53.75231481481482, 108.17731481481482, 39.81435185185185, 120.26931762695312]"
stored_images\230404_112539_images\image_00436.png,"[0.19808764772579895, 0.012276801884358542, 3.7958486284190583e-07, 2.3845993528936528e-08, -2.2652332423953187e-15, -2.4475419325966748e-09, -1.2541929190247642e-16, 13687.971465426148, 1.8613402998770374, 60.82982504100602, 31.575314379442318, 177.1053854565336, 159.6182098388672]"
stored_images\230404_112539_images\image_00437.png,"[0.363013561607274, 0.08806742279457512, 0.0017711612004009498, 0.0007253657446399256, 8.215912465290326e-07, 0.00021312442178120233, -3.099381371999545e-08, 3259.7226138862898, 2.526315856545679, 85.42191142191142, 99.9562937062937, 50.053030303030305, 90.74739074707031]"
stored_images\230404_112539_images\image_00438.png,"[0.16823376681615565, 0.001623006037553768, 2.375588468817645e-06, 7.773686403513261e-08, -1.141224421204003e-15, -2.644634983886316e-09, -3.338662811528914e-14, 10895.385125343222, 1.2736260748573538, 23.62517099863201, 225.87773597811218, 164.4016757865937, 117.79917907714844]"
stored_images\230404_112539_images\image_00439.png,"[0.5319301645539264, 0.25573313298417355, 2.187393030122748e-05, 1.1432838480741954e-05, 1.793983256676607e-10, 5.425778958658967e-06, 2.2456442768357997e-11, 5564.602886056207, 5.566773922795013, 78.41666666666667, 77.64807162534436, 60.06129476584022, 176.0025177001953]"
stored_images\230404_112539_images\image_00440.png,"[0.2191433786745086, 9.642973637168274e-05, 0.00010067364872124212, 0.00011545874035620361, -8.328921196790454e-09, 1.032448266587594e-06, -9.250985851278764e-09, 2805.0, 1.0784313725490196, 63.91842105263158, 85.92894736842105, 57.622368421052634, 55.0]"
stored_images\230404_112539_images\image_00441.png,"[0.3334762145918246, 0.0820381452835124, 0.0008087823482850919, 0.00028735447884199495, 1.3836466086870248e-07, 8.19717434340736e-05, -6.759368842119004e-09, 4632.825355191366, 2.7445886859051614, 66.26825396825397, 99.94404761904762, 57.22222222222222, 112.7616958618164]"
stored_images\230404_112539_images\image_00442.png,"[0.40454700051612663, 0.08892766784620093, 0.02186554355666514, 0.0032570334651687185, 8.339919121817991e-06, 0.00027391129685071567, 2.619031601840891e-05, 2123.0117741045833, 1.8812784734791461, 59.416666666666664, 91.51177536231884, 53.28532608695652, 63.197914123535156]"
stored_images\230404_112539_images\image_00443.png,"[0.5559440765291437, 0.2490753907076847, 0.03528872578050266, 0.022894246218972902, 0.0006507303796663643, 0.011407972114507557, -3.5409985130774617e-06, 3602.9089110307395, 3.7168283937133637, 47.012684989429175, 104.91754756871036, 49.0914376321353, 115.72119140625]"
stored_images\230404_112539_images\image_00444.png,"[0.1996171120289309, 0.012881302884375776, 2.5265750246643556e-06, 2.28837800459777e-07, -1.723867113076808e-13, -2.5614798780186735e-08, 2.3664460028628916e-14, 13877.949089948088, 1.8876534224074573, 66.84596774193548, 33.601209677419355, 169.8981182795699, 161.8541259765625]"
stored_images\230404_112539_images\image_00445.png,"[0.5129387916266248, 0.20162571488728, 0.0020199638165759545, 0.0011772087543040458, 1.7783020344816837e-06, 0.0002366508209946219, -3.647064271148187e-07, 3173.859542929451, 2.768282168411345, 86.60968137254902, 99.59191176470588, 49.806985294117645, 93.73440551757812]"
stored_images\230404_112539_images\image_00446.png,"[0.2975727651245518, 0.04339538144309574, 0.0031003181536847007, 0.0013544516127618194, 2.7707094104141848e-06, 0.0002640106574522886, 1.6377723066989447e-07, 3008.999731959251, 2.313725187373976, 92.98945409429281, 88.59677419354838, 55.205334987593055, 83.43859100341797]"
stored_images\230404_112539_images\image_00447.png,"[0.16838254173849632, 0.0016330644979253507, 2.102924624735537e-06, 1.7170369299016394e-08, -3.3525271598355767e-16, -6.836501910237134e-10, -3.2454616093991966e-15, 11315.838593876688, 1.2617034320636369, 23.865097402597403, 225.68506493506493, 155.77613636363637, 119.48737335205078]"
stored_images\230404_112539_images\image_00448.png,"[0.5305878886243474, 0.2543843053583733, 4.397273363920775e-05, 3.004386989511174e-05, 1.0920061049066311e-09, 1.5149402085011831e-05, 1.6153194643979067e-12, 5413.545410841121, 5.639742721391459, 76.32587412587412, 74.43776223776224, 62.91748251748252, 174.73123168945312]"
stored_images\230404_112539_images\image_00449.png,"[0.20972026103833663, 6.52060573227369e-05, 4.0322298298949646e-05, 4.087156097334608e-05, -1.473190223122686e-09, 3.045999874392784e-07, -7.633661902473508e-10, 3078.0, 1.0555555555555556, 65.78690476190476, 90.59761904761905, 63.94345238095238, 57.0]"
stored_images\230404_112539_images\image_00450.png,"[0.33306266613289803, 0.08213497293264047, 0.0006881058774920242, 0.0002430967487420479, 9.930420859614935e-08, 6.933015070049065e-05, -4.902995779264855e-09, 4571.998804439267, 2.8222222706637634, 73.51746031746032, 97.72063492063492, 55.02063492063492, 113.59223937988281]"
stored_images\230404_112539_images\image_00451.png,"[0.5899714589165737, 0.28163883417944435, 0.07226522975906165, 0.049408190314834705, 0.0029522339403659937, 0.026214161977991583, 2.2260795103302988e-05, 5225.000248999568, 3.32167846023482, 41.505102040816325, 101.3097667638484, 49.839285714285715, 131.74130249023438]"
stored_images\230404_112539_images\image_00452.png,"[0.4590207362697583, 0.17639146135553507, 0.0002953344530562742, 6.031265691267316e-05, 4.603027995550722e-09, -5.552884814586957e-06, 6.603547158089878e-09, 1654.8690263943718, 3.517241494532226, 96.33035714285714, 100.16581632653062, 53.755102040816325, 76.29268646240234]"
stored_images\230404_112539_images\image_00453.png,"[0.1681680750605946, 0.0016738485777153334, 1.1034318975693443e-06, 1.5751502557676107e-08, -1.7788146990348056e-15, -5.893969708691314e-10, -1.0715145390942099e-15, 11433.936672672688, 1.2675575977859213, 24.454285714285714, 225.5257142857143, 149.76460317460317, 120.3875961303711]"
stored_images\230404_112539_images\image_00454.png,"[0.5284155668247035, 0.2520093869264381, 1.0812600467980254e-05, 1.302881046544358e-06, -2.6921765502930978e-12, -4.640271158030019e-07, 4.082371561872582e-12, 5347.238741992012, 5.65574216811283, 75.14204545454545, 74.84765625, 64.56782670454545, 173.9040069580078]"
stored_images\230404_112539_images\image_00455.png,"[0.15982678240618547, 8.738267588533614e-05, 3.929789859706479e-06, 3.3504990308507536e-09, -1.1487874832951526e-16, -2.3569620513523934e-11, -3.668934877325429e-16, 2968.0, 1.0566037735849056, 60.84837092731829, 98.72305764411027, 86.5657894736842, 56.0]"
stored_images\230404_112539_images\image_00456.png,"[0.3421379484497501, 0.08813730657104721, 0.00034952086161862386, 9.722090472105382e-05, 1.7888483195356396e-08, 2.8726285165509234e-05, 1.088493879927133e-09, 4554.174430759653, 2.928462873303918, 77.27574750830564, 95.97923588039868, 56.02533222591362, 115.4847640991211]"
stored_images\230404_112539_images\image_00457.png,"[0.2516380833371374, 0.03327727163197145, 0.0004724395079032707, 3.8009200821208914e-05, 4.924572528255261e-09, 6.4735072079838384e-06, -1.3004311304986773e-09, 3780.0, 2.142857142857143, 94.41414141414141, 83.10151515151514, 69.24747474747475, 90.0]"
stored_images\230404_112539_images\image_00458.png,"[0.4637533698495769, 0.16890463526551946, 0.001870148077000769, 0.0010404330755582432, 1.4415385478806625e-06, 0.00036923202244557507, -1.6810106939107648e-07, 4735.425237117335, 3.3542530274630633, 42.89443535188216, 97.51391162029459, 52.923486088379704, 126.031005859375]"
stored_images\230404_112539_images\image_00459.png,"[0.2527323623110081, 0.03597584047545668, 0.0003975713817337978, 4.0680747874176776e-05, -9.259766422218918e-10, -2.366723160453858e-06, -5.090036374484558e-09, 3377.6619015776087, 2.2051056622884873, 85.70758928571429, 86.10714285714286, 58.068638392857146, 86.30238342285156]"
stored_images\230404_112539_images\image_00460.png,"[0.16769866040886663, 0.0016465362723674637, 2.9200390604166603e-07, 7.233266974116412e-09, -1.7879867176254017e-16, -2.9138942231244473e-10, -2.8024745240872197e-16, 12022.150261777279, 1.261363631923396, 25.191727053140095, 226.91319444444446, 138.3858695652174, 123.14342498779297]"
stored_images\230404_112539_images\image_00461.png,"[0.5248814715294822, 0.2482451351323194, 3.0696986436193673e-06, 5.676320998110845e-07, 4.0292177839023617e-13, 4.703653575975624e-08, 6.317319777388873e-13, 5478.660005042329, 5.503218153004085, 70.37642045454545, 78.19105113636364, 65.23792613636364, 173.6383056640625]"
stored_images\230404_112539_images\image_00462.png,"[0.15966292252863595, 5.865311049685515e-05, 2.49377941225473e-06, 3.2069615657388064e-09, -1.0679346729896717e-16, -2.271465972585111e-11, -2.661687399188816e-16, 3135.0, 1.0363636363636364, 50.039880952380955, 118.34583333333333, 117.1297619047619, 57.0]"
stored_images\230404_112539_images\image_00463.png,"[0.24960634667465809, 0.03360739740380521, 0.0005319818531111179, 9.73277529604561e-05, 2.1838197690088396e-08, 1.7199285462334515e-05, 3.6819648046617425e-09, 3649.0, 2.1707317073170733, 95.65454545454546, 85.10656565656565, 75.0989898989899, 89.0]"
stored_images\230404_112539_images\image_00464.png,"[0.4077434210933342, 0.1329338849957906, 0.00046889796191117064, 0.00010884692555330726, 1.9809173354073167e-08, 2.1893997355523204e-05, -1.4569776193493509e-08, 5227.846619583841, 3.4184397813431966, 47.04300291545189, 97.92565597667638, 51.60094752186589, 133.68275451660156]"
stored_images\230404_112539_images\image_00465.png,"[0.2574087218206881, 0.03701592705616533, 0.0005924845535467654, 0.00012268743393900944, 2.676644314255863e-08, 1.3140514674371882e-05, -1.943472593895049e-08, 3350.538363963744, 2.257561929292442, 84.44698660714286, 81.53292410714286, 62.240513392857146, 86.9715347290039]"
stored_images\230404_112539_images\image_00466.png,"[0.5148041249804374, 0.23770268224783733, 1.4807525041373762e-06, 1.0458549804042242e-06, 1.301135138996686e-12, 4.6666711020969146e-07, -3.135123035709515e-14, 5317.035396062827, 5.575466273946007, 76.328125, 78.8174715909091, 66.89772727272727, 172.17709350585938]"
stored_images\230404_112539_images\image_00467.png,"[0.1596619085923144, 7.088517047122646e-05, 4.801021854010932e-06, 1.0639521856444694e-09, -7.450581153566223e-17, -7.57620594091659e-12, 1.5204473149647144e-17, 3078.0, 1.0555555555555556, 47.0125, 119.40416666666667, 112.13154761904762, 57.0]"
stored_images\230404_112539_images\image_00468.png,"[0.2552909627221046, 0.036031159159693314, 0.0006903770367383619, 0.00013935392906862994, 4.298249897922748e-08, 2.6133290661343496e-05, 4.559989243788613e-09, 3649.0, 2.1707317073170733, 89.77525252525253, 82.61767676767677, 81.46565656565656, 89.0]"
stored_images\230404_112539_images\image_00469.png,"[0.4646988353777607, 0.17256344538057028, 0.002138947855088516, 0.0014691427146617782, 2.6026074643251864e-06, 0.000602120775275797, 9.471600687903698e-08, 5296.197722345474, 3.312638436662326, 51.29118075801749, 95.26712827988338, 51.80174927113703, 132.45523071289062]"
stored_images\230404_112539_images\image_00470.png,"[0.25680589392492015, 0.038154291390032374, 0.0003431803341531812, 5.492822675264235e-05, 5.18069620357769e-09, 5.825112699617947e-06, -5.480308264155067e-09, 3456.551181769115, 2.228960636056875, 83.64899553571429, 80.03794642857143, 62.938058035714285, 87.77537536621094]"
stored_images\230404_112539_images\image_00471.png,"[0.5047368095221203, 0.22770736919838117, 3.3668895723782406e-06, 3.439825177129055e-07, -3.5276432595407966e-13, -1.6306339096952703e-07, 1.1222466476372148e-13, 5215.488422661088, 5.618450976572184, 79.59232954545455, 82.125, 68.83061079545455, 171.18109130859375]"
stored_images\230404_112539_images\image_00472.png,"[0.15963198024112069, 3.9409931418454905e-05, 1.9358715355390007e-06, 1.516691128148604e-09, -4.126577283163624e-17, -8.397961334548152e-12, -7.107210116422402e-17, 3024.0, 1.037037037037037, 50.69464285714286, 108.1595238095238, 92.90059523809524, 56.0]"
stored_images\230404_112539_images\image_00473.png,"[0.25799721104992995, 0.03753140961375346, 0.0006552155664011821, 0.00013388886620981208, 3.9653105742080776e-08, 2.5925228034721073e-05, 4.782973915846266e-10, 3690.0, 2.1951219512195124, 81.54292929292929, 75.16717171717171, 83.57727272727273, 90.0]"
stored_images\230404_112539_images\image_00474.png,"[0.46668068540790597, 0.1757823489545603, 0.001530888121251381, 0.0008287342344220073, 9.311714860404254e-07, 0.0003473838498597963, 6.529131158793374e-08, 5864.948244160332, 3.095012736769888, 51.9796875, 100.9859375, 48.8371875, 134.7296905517578]"
stored_images\230404_112539_images\image_00475.png,"[0.25818801268086733, 0.0378738648514505, 0.000606526567797562, 0.00010230869737085075, 1.689794249674154e-08, 8.589272529987096e-06, -1.9078050497223246e-08, 3452.6481309063965, 2.239375660869859, 81.32254464285714, 76.64118303571429, 62.900669642857146, 87.9305191040039]"
stored_images\230404_112539_images\image_00476.png,"[0.49661702085640114, 0.21960879312395648, 1.7813765455214452e-05, 1.38371725646889e-05, 2.1724436678893862e-10, 6.446845282068726e-06, -2.861379105502911e-13, 5319.681773021584, 5.507785197746146, 88.36150568181819, 77.37642045454545, 70.9620028409091, 171.17144775390625]"
stored_images\230404_112539_images\image_00477.png,"[0.15982788788720453, 7.226470229543812e-05, 4.006737993015566e-06, 2.875735560636751e-09, -3.379095286246447e-17, -2.120200848864634e-11, -3.0683232958408795e-16, 2968.0, 1.0566037735849056, 48.14160401002506, 111.09586466165413, 95.87155388471177, 56.0]"
stored_images\230404_112539_images\image_00478.png,"[0.2626325247217972, 0.04005401039926239, 0.0005811361462455372, 0.00012916666971570027, 3.5270987506926724e-08, 2.571881299274991e-05, -2.884041405775607e-09, 3600.0, 2.25, 76.58636363636364, 73.5050505050505, 84.68030303030304, 90.0]"
stored_images\230404_112539_images\image_00479.png,"[0.3889727302819537, 0.12147172032493876, 0.0011072569025203332, 0.0006101068587244996, 5.012745368127226e-07, 0.00021261737322252863, 1.3498946495173022e-08, 5952.671121258521, 3.1804079346580805, 64.78492647058823, 88.68995098039215, 48.64123774509804, 137.59332275390625]"
stored_images\230404_112539_images\image_00480.png,"[0.256792189408603, 0.037919965969920894, 0.00046214570913329447, 5.944578848474511e-05, 3.1392227734487058e-09, 1.7506438252878763e-06, -9.33959633224296e-09, 3541.4156877403148, 2.2119366296279064, 76.52020202020202, 80.42222222222222, 62.528282828282826, 88.50642395019531]"
stored_images\230404_112539_images\image_00481.png,"[0.48441256394497767, 0.20776024841601606, 3.473502112106866e-05, 2.2893428514890448e-05, 6.447902179887475e-10, 1.0135898608298188e-05, -3.192268541910796e-11, 5481.4605496744625, 5.322918703622055, 89.24371693121694, 87.65939153439153, 66.37929894179894, 170.8138427734375]"
stored_images\230404_112539_images\image_00482.png,"[0.1598075276571974, 8.166361896852454e-05, 2.977283350722178e-06, 4.3708520208383835e-09, -4.961964946324309e-16, -3.947121736017895e-11, -4.897931169783196e-17, 3078.0, 1.0555555555555556, 49.526785714285715, 112.87440476190476, 109.04166666666667, 57.0]"
stored_images\230404_112539_images\image_00483.png,"[0.26420633078078654, 0.040512675946144126, 0.0007270452413406545, 0.00015166542022282552, 5.035189486827539e-08, 3.0505525258346705e-05, -1.0519498848699168e-09, 3560.0, 2.225, 68.3979797979798, 81.56464646464646, 81.11868686868686, 89.0]"
stored_images\230404_112539_images\image_00484.png,"[0.4312739239023134, 0.14590264012539564, 0.004666595048599919, 0.0034897980208037057, 1.4079961820108869e-05, 0.0013329991513468936, 3.006994800343787e-07, 6421.5891646984965, 3.1766553995952744, 68.68956367924528, 91.62588443396227, 44.90536556603774, 142.82568359375]"
stored_images\230404_112539_images\image_00485.png,"[0.255126060131245, 0.03676284961865066, 0.0004197956144120947, 6.392837225665644e-05, 7.49182542682631e-09, 7.367852798099455e-06, -7.317812423334816e-09, 3546.9521855966595, 2.127925141201631, 63.825520833333336, 90.63645833333334, 60.82395833333333, 86.87720489501953]"
stored_images\230404_112539_images\image_00486.png,"[0.4881951784102775, 0.2112931573094237, 7.76787911846431e-06, 3.953216115351036e-06, 2.1754681373833185e-11, 1.6574148219872115e-06, -2.57634881909908e-12, 5316.878069527214, 5.410203796913607, 82.6024531024531, 92.28174603174604, 64.08152958152958, 169.6036376953125]"
stored_images\230404_112539_images\image_00487.png,"[0.15976142552762204, 8.139523630225908e-05, 1.3557635596438622e-06, 8.418015039361864e-09, 6.239481343013612e-16, 5.997504713483481e-11, -6.476391025792632e-16, 3190.0, 1.0545454545454545, 42.12797619047619, 127.29642857142858, 120.82797619047619, 58.0]"
stored_images\230404_112539_images\image_00488.png,"[0.26837701521743296, 0.04289345305953228, 0.0006263982786903334, 0.00013277478942971528, 3.813424548060689e-08, 2.7310703876671447e-05, -3.4631656313145946e-09, 3382.0, 2.3421052631578947, 59.57251082251082, 78.81060606060606, 79.45670995670996, 89.0]"
stored_images\230404_112539_images\image_00489.png,"[0.4464246530742396, 0.15626127133976567, 0.0015163927118013458, 0.001191662866872896, 1.5977159207802106e-06, 0.0004664093412673837, 1.1573235646974622e-07, 5947.690383669687, 3.240882380964678, 64.0330065359477, 105.54509803921569, 44.101960784313725, 138.83718872070312]"
stored_images\230404_112539_images\image_00490.png,"[0.25723033892266867, 0.03633527266917454, 0.0007461225211084437, 0.00011181934085893555, 3.065390496122695e-08, 1.9202242677103144e-05, -1.0174583403947976e-08, 3909.995378600346, 1.9784044437049673, 64.0595703125, 85.857421875, 60.76318359375, 87.95198822021484]"
stored_images\230404_112539_images\image_00491.png,"[0.4764995993042269, 0.19992728599034834, 4.8448487280956566e-05, 4.443399970997503e-05, 2.061641704944846e-09, 1.986765115012717e-05, 7.860808186348968e-13, 5369.689746309945, 5.292833471322472, 86.97546897546897, 92.45598845598846, 61.97402597402598, 168.5849151611328]"
stored_images\230404_112539_images\image_00492.png,"[0.15997297762566126, 9.067935111650068e-05, 9.736468034583847e-07, 1.2272597677213346e-08, 1.199092754635296e-15, 1.0417054108158408e-10, -6.015990312535721e-16, 3024.0, 1.037037037037037, 45.2125, 114.76071428571429, 98.81845238095238, 56.0]"
stored_images\230404_112539_images\image_00493.png,"[0.2673727814760243, 0.041772013236977684, 0.0009037816634310783, 0.00019376308408084483, 8.096810853656675e-08, 3.947447827438003e-05, -4.344651670246033e-09, 3649.0, 2.1707317073170733, 54.95353535353535, 85.9, 78.56313131313131, 89.0]"
stored_images\230404_112539_images\image_00494.png,"[0.4481262854187211, 0.15463113273365633, 0.0033034753960312483, 0.0020613867679228097, 5.375695702085291e-06, 0.00081030844166639, 1.9654722901959468e-07, 6340.73415293335, 3.1219512525445468, 65.94561298076923, 110.78305288461539, 41.41826923076923, 140.69635009765625]"
stored_images\230404_112539_images\image_00495.png,"[0.2521524102545336, 0.03476149398892894, 0.0006397628286575174, 0.00011326901859415702, 2.9372531955210993e-08, 1.959141771854045e-05, -8.183818536237986e-09, 3915.0970391067676, 2.002654551164472, 70.00757575757575, 90.11837121212122, 60.13399621212121, 88.54708862304688]"
stored_images\230404_112539_images\image_00496.png,"[0.20360848464185305, 8.98593102385614e-05, 1.212239431415696e-05, 5.466789712188618e-05, -1.4073048056713943e-09, 5.090282742745617e-07, 6.4668817795658046e-12, 3024.0, 1.037037037037037, 55.31726190476191, 101.03988095238095, 74.71428571428571, 56.0]"
stored_images\230404_112539_images\image_00497.png,"[0.2651062414050998, 0.0407310234568439, 0.000720334683919171, 0.0001434009158065361, 4.596058132320609e-08, 2.8745114757246e-05, -3.4349708762444974e-09, 3690.0, 2.1951219512195124, 57.7, 86.41565656565656, 80.2388888888889, 90.0]"
stored_images\230404_112539_images\image_00498.png,"[0.25265947119962423, 0.0349439458784878, 0.0006183377966762352, 0.00010662878197681369, 2.622839698821093e-08, 1.8549111020897504e-05, -7.855250150987762e-09, 3942.3847369738505, 2.010615671196586, 73.94507575757575, 84.11789772727273, 61.259469696969695, 89.03157043457031]"
stored_images\230404_112539_images\image_00499.png,"[0.20363424255955595, 0.00021370346819934196, 3.240331606042533e-06, 7.218829279624284e-05, -3.470905791348889e-10, 1.0544820107331813e-06, 1.0480882674850717e-09, 3016.0, 1.1153846153846154, 59.37844611528822, 92.65350877192982, 69.28634085213032, 58.0]"
stored_images\230404_112539_images\image_00500.png,"[0.2633680939850025, 0.040331193702170025, 0.0007723313234265623, 0.00017456168489959312, 6.396615212761124e-08, 3.492667538647626e-05, -4.064537661323858e-09, 3731.0, 2.2195121951219514, 68.55588235294118, 77.41323529411764, 86.7328431372549, 91.0]"
stored_images\230404_112539_images\image_00501.png,"[0.2882723692912501, 0.04473531457643185, 0.0008299246297376965, 0.00034518189608377686, 1.8305528132845257e-07, 6.857124973425124e-05, -2.4988201875094335e-08, 3519.1049755720887, 2.288164844049719, 75.25703463203463, 93.99675324675324, 60.767857142857146, 89.73456573486328]"
stored_images\230404_112539_images\image_00502.png,"[0.2080283461018442, 9.866424787446563e-05, 2.3670134385850466e-07, 9.99943372051771e-05, -4.3604425857268453e-10, 9.700556683799599e-07, -2.1570011350722632e-10, 2912.0, 1.0769230769230769, 64.73558897243107, 95.93984962406014, 63.760025062656645, 56.0]"
stored_images\230404_112539_images\image_00503.png,"[0.26302597246953247, 0.03988476827348242, 0.0007915691687419779, 0.00016718053008108006, 6.068282043930364e-08, 3.320889471183069e-05, -4.033427066743883e-09, 3864.0, 2.1904761904761907, 71.04068627450981, 78.7607843137255, 84.08333333333333, 92.0]"
stored_images\230404_112539_images\image_00504.png,"[0.2581191466179428, 0.036819299741649325, 0.0006596673852718516, 0.00011664174118895476, 3.233245903204819e-08, 2.2341241393890298e-05, -1.2116967310243242e-09, 4093.4874482983723, 1.9648561883777302, 83.18323863636364, 107.70217803030303, 52.536458333333336, 89.68341064453125]"
stored_images\230404_112539_images\image_00505.png,"[0.2628279295406424, 0.039678066268487674, 0.0007032150636238046, 0.00014727332060766803, 4.7394050203902393e-08, 2.9320395367154282e-05, -2.568366643969887e-10, 3822.0, 2.1666666666666665, 77.90833333333333, 82.34362745098039, 78.59166666666667, 91.0]"
stored_images\230404_112539_images\image_00506.png,"[0.5584713147300109, 0.23791568463495413, 0.02538400597981413, 0.007579557589237457, 8.243732823483984e-05, 0.0024065269484174413, 6.524861063776597e-05, 3495.9573290651606, 2.3386226576884077, 83.71374458874459, 96.42045454545455, 56.57142857142857, 90.41971588134766]"
stored_images\230404_112539_images\image_00507.png,"[0.260570807922331, 0.03903107330127984, 0.0005481930823376253, 0.00011750366447453646, 2.9799258600823773e-08, 2.315739082825414e-05, -1.1768837522258394e-09, 3813.0, 2.268292682926829, 84.19656862745099, 81.025, 80.33039215686274, 93.0]"
stored_images\230404_112539_images\image_00508.png,"[0.2655339765907918, 0.04133980580079024, 0.0006140687052105156, 0.00013463363284734972, 3.863504444153229e-08, 2.722749155060035e-05, -2.430122713381286e-09, 3948.0, 2.238095238095238, 82.21857142857142, 88.60761904761905, 77.17952380952381, 94.0]"
